{
 "cells": [
  {
   "cell_type": "code",
   "execution_count": 269,
   "metadata": {},
   "outputs": [],
   "source": [
    "import pandas as pd\n",
    "import numpy as np\n",
    "from sklearn.decomposition import PCA\n",
    "\n",
    "from matplotlib import rc, font_manager\n",
    "rc('font', family='NanumGothic')\n",
    "\n",
    "from sklearn.model_selection import train_test_split\n",
    "from sklearn.metrics import mean_squared_error\n",
    "\n",
    "from sklearn import preprocessing\n",
    "\n",
    "from sklearn.cluster import KMeans\n",
    "from sklearn import metrics\n",
    "from sklearn.metrics import accuracy_score \n",
    "\n",
    "import scipy\n",
    "import scipy.cluster.hierarchy as sch\n",
    "\n",
    "import numpy as np\n",
    "import matplotlib.pyplot as plt\n",
    "from matplotlib import style\n",
    "style.use(\"ggplot\")\n",
    "\n",
    "import mglearn\n",
    "import seaborn as sns\n",
    "\n",
    "from sklearn.preprocessing import StandardScaler\n",
    "\n",
    "import random\n",
    "import json\n",
    "import folium\n",
    "\n",
    "from math import radians, sin,cos,atan2,sqrt"
   ]
  },
  {
   "cell_type": "markdown",
   "metadata": {},
   "source": [
    "## Education 변수"
   ]
  },
  {
   "cell_type": "code",
   "execution_count": 456,
   "metadata": {},
   "outputs": [],
   "source": [
    "edu= pd.read_csv('서울시 교육정도별 인구.txt', engine='python', sep= '\t', encoding ='utf-8', header=[0,1])"
   ]
  },
  {
   "cell_type": "code",
   "execution_count": 457,
   "metadata": {},
   "outputs": [],
   "source": [
    "edu.columns = ['_'.join(col) for col in edu.columns.values]"
   ]
  },
  {
   "cell_type": "code",
   "execution_count": 458,
   "metadata": {},
   "outputs": [
    {
     "data": {
      "text/plain": [
       "Index(['기간_기간', '자치구_자치구', '성별_성별', '연령_연령', '합계_합계', '재학_계', '재학_초등학교',\n",
       "       '재학_중학교', '재학_고등학교', '재학_대학', '재학_대학교', '재학_대학원', '졸업_계', '졸업_초등학교',\n",
       "       '졸업_중학교', '졸업_고등학교', '졸업_대학', '졸업_대학교', '졸업_대학원', '중퇴_계', '중퇴_초등학교',\n",
       "       '중퇴_중학교', '중퇴_고등학교', '중퇴_대학', '중퇴_대학교', '중퇴_대학원', '수료_계', '수료_대학',\n",
       "       '수료_대학교', '수료_대학원', '안받았음(미취학포함)_안받았음(미취학포함)'],\n",
       "      dtype='object')"
      ]
     },
     "execution_count": 458,
     "metadata": {},
     "output_type": "execute_result"
    }
   ],
   "source": [
    "edu.columns"
   ]
  },
  {
   "cell_type": "code",
   "execution_count": 459,
   "metadata": {},
   "outputs": [],
   "source": [
    "edu= edu[['자치구_자치구', '연령_연령','재학_대학', '합계_합계',\n",
    "          '재학_대학교', '재학_대학원','졸업_대학', '졸업_대학교', '졸업_대학원','수료_대학',\n",
    "       '수료_대학교', '수료_대학원']]"
   ]
  },
  {
   "cell_type": "code",
   "execution_count": 460,
   "metadata": {},
   "outputs": [],
   "source": [
    "edu = edu[~(edu['자치구_자치구']=='서울시')]"
   ]
  },
  {
   "cell_type": "code",
   "execution_count": 461,
   "metadata": {},
   "outputs": [],
   "source": [
    "edu = edu[~(edu['연령_연령']=='계')]"
   ]
  },
  {
   "cell_type": "code",
   "execution_count": 462,
   "metadata": {},
   "outputs": [],
   "source": [
    "cols= ['합계_합계','재학_대학', '재학_대학교', '재학_대학원', '졸업_대학', '졸업_대학교',\n",
    "       '졸업_대학원', '수료_대학', '수료_대학교', '수료_대학원']"
   ]
  },
  {
   "cell_type": "code",
   "execution_count": 463,
   "metadata": {},
   "outputs": [],
   "source": [
    "edu[cols] = edu[cols].replace({',': '', '-':'0'}, regex=True)"
   ]
  },
  {
   "cell_type": "code",
   "execution_count": 464,
   "metadata": {},
   "outputs": [],
   "source": [
    "edu.iloc[:,2:] = edu.iloc[:,2:].astype('int')"
   ]
  },
  {
   "cell_type": "code",
   "execution_count": 465,
   "metadata": {},
   "outputs": [],
   "source": [
    "edu_TT=edu[['자치구_자치구','합계_합계']]"
   ]
  },
  {
   "cell_type": "code",
   "execution_count": 471,
   "metadata": {},
   "outputs": [],
   "source": [
    "edu=edu[['자치구_자치구', '연령_연령','재학_대학', '재학_대학교', '재학_대학원', '졸업_대학', '졸업_대학교',\n",
    "       '졸업_대학원', '수료_대학', '수료_대학교', '수료_대학원']]"
   ]
  },
  {
   "cell_type": "code",
   "execution_count": 483,
   "metadata": {},
   "outputs": [],
   "source": [
    "edu.iloc[:,2:] = edu.iloc[:,2:].astype('int')"
   ]
  },
  {
   "cell_type": "code",
   "execution_count": 484,
   "metadata": {},
   "outputs": [],
   "source": [
    "edu.loc[:,'Total'] = edu.sum(axis=1)"
   ]
  },
  {
   "cell_type": "code",
   "execution_count": 485,
   "metadata": {
    "scrolled": true
   },
   "outputs": [],
   "source": [
    "edu_t = edu.groupby('자치구_자치구').agg({'Total':sum})"
   ]
  },
  {
   "cell_type": "code",
   "execution_count": 486,
   "metadata": {
    "scrolled": true
   },
   "outputs": [],
   "source": [
    "edu_t.reset_index(inplace=True)"
   ]
  },
  {
   "cell_type": "code",
   "execution_count": 487,
   "metadata": {},
   "outputs": [],
   "source": [
    "edu_t.columns = ['자치구', 'Total']"
   ]
  },
  {
   "cell_type": "code",
   "execution_count": 488,
   "metadata": {},
   "outputs": [],
   "source": [
    "dong= pd.read_csv('original_data_3.csv')"
   ]
  },
  {
   "cell_type": "code",
   "execution_count": 489,
   "metadata": {
    "scrolled": true
   },
   "outputs": [],
   "source": [
    "pop= dong.groupby('자치구').agg({'인구':sum})"
   ]
  },
  {
   "cell_type": "code",
   "execution_count": 490,
   "metadata": {},
   "outputs": [],
   "source": [
    "pop.reset_index(inplace=True)"
   ]
  },
  {
   "cell_type": "code",
   "execution_count": 491,
   "metadata": {},
   "outputs": [],
   "source": [
    "mer=edu_t.merge(pop, on = '자치구')"
   ]
  },
  {
   "cell_type": "code",
   "execution_count": 492,
   "metadata": {},
   "outputs": [
    {
     "data": {
      "text/html": [
       "<div>\n",
       "<style scoped>\n",
       "    .dataframe tbody tr th:only-of-type {\n",
       "        vertical-align: middle;\n",
       "    }\n",
       "\n",
       "    .dataframe tbody tr th {\n",
       "        vertical-align: top;\n",
       "    }\n",
       "\n",
       "    .dataframe thead th {\n",
       "        text-align: right;\n",
       "    }\n",
       "</style>\n",
       "<table border=\"1\" class=\"dataframe\">\n",
       "  <thead>\n",
       "    <tr style=\"text-align: right;\">\n",
       "      <th></th>\n",
       "      <th>자치구</th>\n",
       "      <th>Total</th>\n",
       "      <th>인구</th>\n",
       "    </tr>\n",
       "  </thead>\n",
       "  <tbody>\n",
       "    <tr>\n",
       "      <th>0</th>\n",
       "      <td>강남구</td>\n",
       "      <td>648104</td>\n",
       "      <td>547453</td>\n",
       "    </tr>\n",
       "    <tr>\n",
       "      <th>1</th>\n",
       "      <td>강동구</td>\n",
       "      <td>371700</td>\n",
       "      <td>431920</td>\n",
       "    </tr>\n",
       "    <tr>\n",
       "      <th>2</th>\n",
       "      <td>강북구</td>\n",
       "      <td>204604</td>\n",
       "      <td>322915</td>\n",
       "    </tr>\n",
       "    <tr>\n",
       "      <th>3</th>\n",
       "      <td>강서구</td>\n",
       "      <td>479212</td>\n",
       "      <td>603611</td>\n",
       "    </tr>\n",
       "    <tr>\n",
       "      <th>4</th>\n",
       "      <td>관악구</td>\n",
       "      <td>466600</td>\n",
       "      <td>520040</td>\n",
       "    </tr>\n",
       "  </tbody>\n",
       "</table>\n",
       "</div>"
      ],
      "text/plain": [
       "   자치구   Total      인구\n",
       "0  강남구  648104  547453\n",
       "1  강동구  371700  431920\n",
       "2  강북구  204604  322915\n",
       "3  강서구  479212  603611\n",
       "4  관악구  466600  520040"
      ]
     },
     "execution_count": 492,
     "metadata": {},
     "output_type": "execute_result"
    }
   ],
   "source": [
    "mer.head()"
   ]
  },
  {
   "cell_type": "code",
   "execution_count": 493,
   "metadata": {},
   "outputs": [],
   "source": [
    "mer['percent']=mer.Total/mer.인구"
   ]
  },
  {
   "cell_type": "code",
   "execution_count": 494,
   "metadata": {
    "scrolled": true
   },
   "outputs": [
    {
     "data": {
      "text/html": [
       "<div>\n",
       "<style scoped>\n",
       "    .dataframe tbody tr th:only-of-type {\n",
       "        vertical-align: middle;\n",
       "    }\n",
       "\n",
       "    .dataframe tbody tr th {\n",
       "        vertical-align: top;\n",
       "    }\n",
       "\n",
       "    .dataframe thead th {\n",
       "        text-align: right;\n",
       "    }\n",
       "</style>\n",
       "<table border=\"1\" class=\"dataframe\">\n",
       "  <thead>\n",
       "    <tr style=\"text-align: right;\">\n",
       "      <th></th>\n",
       "      <th>자치구</th>\n",
       "      <th>Total</th>\n",
       "      <th>인구</th>\n",
       "      <th>percent</th>\n",
       "    </tr>\n",
       "  </thead>\n",
       "  <tbody>\n",
       "    <tr>\n",
       "      <th>0</th>\n",
       "      <td>강남구</td>\n",
       "      <td>648104</td>\n",
       "      <td>547453</td>\n",
       "      <td>1.183853</td>\n",
       "    </tr>\n",
       "    <tr>\n",
       "      <th>14</th>\n",
       "      <td>서초구</td>\n",
       "      <td>512484</td>\n",
       "      <td>438163</td>\n",
       "      <td>1.169620</td>\n",
       "    </tr>\n",
       "    <tr>\n",
       "      <th>11</th>\n",
       "      <td>동작구</td>\n",
       "      <td>398216</td>\n",
       "      <td>409385</td>\n",
       "      <td>0.972718</td>\n",
       "    </tr>\n",
       "    <tr>\n",
       "      <th>17</th>\n",
       "      <td>송파구</td>\n",
       "      <td>646112</td>\n",
       "      <td>673507</td>\n",
       "      <td>0.959325</td>\n",
       "    </tr>\n",
       "    <tr>\n",
       "      <th>12</th>\n",
       "      <td>마포구</td>\n",
       "      <td>367284</td>\n",
       "      <td>386359</td>\n",
       "      <td>0.950629</td>\n",
       "    </tr>\n",
       "    <tr>\n",
       "      <th>4</th>\n",
       "      <td>관악구</td>\n",
       "      <td>466600</td>\n",
       "      <td>520040</td>\n",
       "      <td>0.897239</td>\n",
       "    </tr>\n",
       "    <tr>\n",
       "      <th>18</th>\n",
       "      <td>양천구</td>\n",
       "      <td>411328</td>\n",
       "      <td>468145</td>\n",
       "      <td>0.878634</td>\n",
       "    </tr>\n",
       "    <tr>\n",
       "      <th>8</th>\n",
       "      <td>노원구</td>\n",
       "      <td>480002</td>\n",
       "      <td>548160</td>\n",
       "      <td>0.875660</td>\n",
       "    </tr>\n",
       "    <tr>\n",
       "      <th>1</th>\n",
       "      <td>강동구</td>\n",
       "      <td>371700</td>\n",
       "      <td>431920</td>\n",
       "      <td>0.860576</td>\n",
       "    </tr>\n",
       "    <tr>\n",
       "      <th>5</th>\n",
       "      <td>광진구</td>\n",
       "      <td>318664</td>\n",
       "      <td>371063</td>\n",
       "      <td>0.858787</td>\n",
       "    </tr>\n",
       "    <tr>\n",
       "      <th>16</th>\n",
       "      <td>성북구</td>\n",
       "      <td>384002</td>\n",
       "      <td>447687</td>\n",
       "      <td>0.857747</td>\n",
       "    </tr>\n",
       "    <tr>\n",
       "      <th>19</th>\n",
       "      <td>영등포구</td>\n",
       "      <td>342520</td>\n",
       "      <td>403600</td>\n",
       "      <td>0.848662</td>\n",
       "    </tr>\n",
       "    <tr>\n",
       "      <th>22</th>\n",
       "      <td>종로구</td>\n",
       "      <td>138142</td>\n",
       "      <td>163026</td>\n",
       "      <td>0.847362</td>\n",
       "    </tr>\n",
       "    <tr>\n",
       "      <th>13</th>\n",
       "      <td>서대문구</td>\n",
       "      <td>273338</td>\n",
       "      <td>323080</td>\n",
       "      <td>0.846038</td>\n",
       "    </tr>\n",
       "    <tr>\n",
       "      <th>20</th>\n",
       "      <td>용산구</td>\n",
       "      <td>203740</td>\n",
       "      <td>245090</td>\n",
       "      <td>0.831286</td>\n",
       "    </tr>\n",
       "    <tr>\n",
       "      <th>15</th>\n",
       "      <td>성동구</td>\n",
       "      <td>256270</td>\n",
       "      <td>316463</td>\n",
       "      <td>0.809795</td>\n",
       "    </tr>\n",
       "    <tr>\n",
       "      <th>3</th>\n",
       "      <td>강서구</td>\n",
       "      <td>479212</td>\n",
       "      <td>603611</td>\n",
       "      <td>0.793909</td>\n",
       "    </tr>\n",
       "    <tr>\n",
       "      <th>10</th>\n",
       "      <td>동대문구</td>\n",
       "      <td>282402</td>\n",
       "      <td>364338</td>\n",
       "      <td>0.775110</td>\n",
       "    </tr>\n",
       "    <tr>\n",
       "      <th>6</th>\n",
       "      <td>구로구</td>\n",
       "      <td>333364</td>\n",
       "      <td>438486</td>\n",
       "      <td>0.760261</td>\n",
       "    </tr>\n",
       "    <tr>\n",
       "      <th>21</th>\n",
       "      <td>은평구</td>\n",
       "      <td>367536</td>\n",
       "      <td>487666</td>\n",
       "      <td>0.753663</td>\n",
       "    </tr>\n",
       "    <tr>\n",
       "      <th>9</th>\n",
       "      <td>도봉구</td>\n",
       "      <td>253896</td>\n",
       "      <td>341649</td>\n",
       "      <td>0.743149</td>\n",
       "    </tr>\n",
       "    <tr>\n",
       "      <th>23</th>\n",
       "      <td>중구</td>\n",
       "      <td>98722</td>\n",
       "      <td>135633</td>\n",
       "      <td>0.727861</td>\n",
       "    </tr>\n",
       "    <tr>\n",
       "      <th>2</th>\n",
       "      <td>강북구</td>\n",
       "      <td>204604</td>\n",
       "      <td>322915</td>\n",
       "      <td>0.633616</td>\n",
       "    </tr>\n",
       "    <tr>\n",
       "      <th>24</th>\n",
       "      <td>중랑구</td>\n",
       "      <td>257924</td>\n",
       "      <td>408147</td>\n",
       "      <td>0.631939</td>\n",
       "    </tr>\n",
       "    <tr>\n",
       "      <th>7</th>\n",
       "      <td>금천구</td>\n",
       "      <td>150862</td>\n",
       "      <td>254021</td>\n",
       "      <td>0.593896</td>\n",
       "    </tr>\n",
       "  </tbody>\n",
       "</table>\n",
       "</div>"
      ],
      "text/plain": [
       "     자치구   Total      인구   percent\n",
       "0    강남구  648104  547453  1.183853\n",
       "14   서초구  512484  438163  1.169620\n",
       "11   동작구  398216  409385  0.972718\n",
       "17   송파구  646112  673507  0.959325\n",
       "12   마포구  367284  386359  0.950629\n",
       "4    관악구  466600  520040  0.897239\n",
       "18   양천구  411328  468145  0.878634\n",
       "8    노원구  480002  548160  0.875660\n",
       "1    강동구  371700  431920  0.860576\n",
       "5    광진구  318664  371063  0.858787\n",
       "16   성북구  384002  447687  0.857747\n",
       "19  영등포구  342520  403600  0.848662\n",
       "22   종로구  138142  163026  0.847362\n",
       "13  서대문구  273338  323080  0.846038\n",
       "20   용산구  203740  245090  0.831286\n",
       "15   성동구  256270  316463  0.809795\n",
       "3    강서구  479212  603611  0.793909\n",
       "10  동대문구  282402  364338  0.775110\n",
       "6    구로구  333364  438486  0.760261\n",
       "21   은평구  367536  487666  0.753663\n",
       "9    도봉구  253896  341649  0.743149\n",
       "23    중구   98722  135633  0.727861\n",
       "2    강북구  204604  322915  0.633616\n",
       "24   중랑구  257924  408147  0.631939\n",
       "7    금천구  150862  254021  0.593896"
      ]
     },
     "execution_count": 494,
     "metadata": {},
     "output_type": "execute_result"
    }
   ],
   "source": [
    "mer.sort_values(by='percent', ascending= False)"
   ]
  },
  {
   "cell_type": "code",
   "execution_count": null,
   "metadata": {},
   "outputs": [],
   "source": [
    "edu_TT=edu_TT.groupby('자치구_자치구').agg({'합계_합계':sum})"
   ]
  },
  {
   "cell_type": "code",
   "execution_count": 498,
   "metadata": {
    "scrolled": true
   },
   "outputs": [],
   "source": [
    "edu_TT.reset_index(inplace=True)"
   ]
  },
  {
   "cell_type": "code",
   "execution_count": 502,
   "metadata": {
    "scrolled": true
   },
   "outputs": [],
   "source": [
    "edu_TT.columns =['자치구', '교육학력_합계']"
   ]
  },
  {
   "cell_type": "code",
   "execution_count": 503,
   "metadata": {},
   "outputs": [],
   "source": [
    "mer=mer.merge(edu_TT, on = '자치구')"
   ]
  },
  {
   "cell_type": "code",
   "execution_count": 505,
   "metadata": {},
   "outputs": [],
   "source": [
    "mer['percent2'] = mer.Total/mer.교육학력_합계"
   ]
  },
  {
   "cell_type": "code",
   "execution_count": 508,
   "metadata": {
    "scrolled": true
   },
   "outputs": [
    {
     "data": {
      "text/html": [
       "<div>\n",
       "<style scoped>\n",
       "    .dataframe tbody tr th:only-of-type {\n",
       "        vertical-align: middle;\n",
       "    }\n",
       "\n",
       "    .dataframe tbody tr th {\n",
       "        vertical-align: top;\n",
       "    }\n",
       "\n",
       "    .dataframe thead th {\n",
       "        text-align: right;\n",
       "    }\n",
       "</style>\n",
       "<table border=\"1\" class=\"dataframe\">\n",
       "  <thead>\n",
       "    <tr style=\"text-align: right;\">\n",
       "      <th></th>\n",
       "      <th>자치구</th>\n",
       "      <th>Total</th>\n",
       "      <th>인구</th>\n",
       "      <th>percent</th>\n",
       "      <th>교육학력_합계</th>\n",
       "      <th>percent2</th>\n",
       "    </tr>\n",
       "  </thead>\n",
       "  <tbody>\n",
       "    <tr>\n",
       "      <th>14</th>\n",
       "      <td>서초구</td>\n",
       "      <td>512484</td>\n",
       "      <td>438163</td>\n",
       "      <td>1.169620</td>\n",
       "      <td>779384</td>\n",
       "      <td>0.657550</td>\n",
       "    </tr>\n",
       "    <tr>\n",
       "      <th>0</th>\n",
       "      <td>강남구</td>\n",
       "      <td>648104</td>\n",
       "      <td>547453</td>\n",
       "      <td>1.183853</td>\n",
       "      <td>1014600</td>\n",
       "      <td>0.638778</td>\n",
       "    </tr>\n",
       "    <tr>\n",
       "      <th>17</th>\n",
       "      <td>송파구</td>\n",
       "      <td>646112</td>\n",
       "      <td>673507</td>\n",
       "      <td>0.959325</td>\n",
       "      <td>1182504</td>\n",
       "      <td>0.546393</td>\n",
       "    </tr>\n",
       "    <tr>\n",
       "      <th>11</th>\n",
       "      <td>동작구</td>\n",
       "      <td>398216</td>\n",
       "      <td>409385</td>\n",
       "      <td>0.972718</td>\n",
       "      <td>746842</td>\n",
       "      <td>0.533200</td>\n",
       "    </tr>\n",
       "    <tr>\n",
       "      <th>12</th>\n",
       "      <td>마포구</td>\n",
       "      <td>367284</td>\n",
       "      <td>386359</td>\n",
       "      <td>0.950629</td>\n",
       "      <td>700936</td>\n",
       "      <td>0.523991</td>\n",
       "    </tr>\n",
       "    <tr>\n",
       "      <th>20</th>\n",
       "      <td>용산구</td>\n",
       "      <td>203740</td>\n",
       "      <td>245090</td>\n",
       "      <td>0.831286</td>\n",
       "      <td>402474</td>\n",
       "      <td>0.506219</td>\n",
       "    </tr>\n",
       "    <tr>\n",
       "      <th>19</th>\n",
       "      <td>영등포구</td>\n",
       "      <td>342520</td>\n",
       "      <td>403600</td>\n",
       "      <td>0.848662</td>\n",
       "      <td>676642</td>\n",
       "      <td>0.506206</td>\n",
       "    </tr>\n",
       "    <tr>\n",
       "      <th>4</th>\n",
       "      <td>관악구</td>\n",
       "      <td>466600</td>\n",
       "      <td>520040</td>\n",
       "      <td>0.897239</td>\n",
       "      <td>948262</td>\n",
       "      <td>0.492058</td>\n",
       "    </tr>\n",
       "    <tr>\n",
       "      <th>22</th>\n",
       "      <td>종로구</td>\n",
       "      <td>138142</td>\n",
       "      <td>163026</td>\n",
       "      <td>0.847362</td>\n",
       "      <td>281012</td>\n",
       "      <td>0.491588</td>\n",
       "    </tr>\n",
       "    <tr>\n",
       "      <th>13</th>\n",
       "      <td>서대문구</td>\n",
       "      <td>273338</td>\n",
       "      <td>323080</td>\n",
       "      <td>0.846038</td>\n",
       "      <td>569358</td>\n",
       "      <td>0.480081</td>\n",
       "    </tr>\n",
       "    <tr>\n",
       "      <th>5</th>\n",
       "      <td>광진구</td>\n",
       "      <td>318664</td>\n",
       "      <td>371063</td>\n",
       "      <td>0.858787</td>\n",
       "      <td>670376</td>\n",
       "      <td>0.475351</td>\n",
       "    </tr>\n",
       "    <tr>\n",
       "      <th>15</th>\n",
       "      <td>성동구</td>\n",
       "      <td>256270</td>\n",
       "      <td>316463</td>\n",
       "      <td>0.809795</td>\n",
       "      <td>540044</td>\n",
       "      <td>0.474535</td>\n",
       "    </tr>\n",
       "    <tr>\n",
       "      <th>18</th>\n",
       "      <td>양천구</td>\n",
       "      <td>411328</td>\n",
       "      <td>468145</td>\n",
       "      <td>0.878634</td>\n",
       "      <td>876008</td>\n",
       "      <td>0.469548</td>\n",
       "    </tr>\n",
       "    <tr>\n",
       "      <th>16</th>\n",
       "      <td>성북구</td>\n",
       "      <td>384002</td>\n",
       "      <td>447687</td>\n",
       "      <td>0.857747</td>\n",
       "      <td>846704</td>\n",
       "      <td>0.453526</td>\n",
       "    </tr>\n",
       "    <tr>\n",
       "      <th>8</th>\n",
       "      <td>노원구</td>\n",
       "      <td>480002</td>\n",
       "      <td>548160</td>\n",
       "      <td>0.875660</td>\n",
       "      <td>1063136</td>\n",
       "      <td>0.451496</td>\n",
       "    </tr>\n",
       "    <tr>\n",
       "      <th>3</th>\n",
       "      <td>강서구</td>\n",
       "      <td>479212</td>\n",
       "      <td>603611</td>\n",
       "      <td>0.793909</td>\n",
       "      <td>1061738</td>\n",
       "      <td>0.451347</td>\n",
       "    </tr>\n",
       "    <tr>\n",
       "      <th>1</th>\n",
       "      <td>강동구</td>\n",
       "      <td>371700</td>\n",
       "      <td>431920</td>\n",
       "      <td>0.860576</td>\n",
       "      <td>830740</td>\n",
       "      <td>0.447432</td>\n",
       "    </tr>\n",
       "    <tr>\n",
       "      <th>23</th>\n",
       "      <td>중구</td>\n",
       "      <td>98722</td>\n",
       "      <td>135633</td>\n",
       "      <td>0.727861</td>\n",
       "      <td>225148</td>\n",
       "      <td>0.438476</td>\n",
       "    </tr>\n",
       "    <tr>\n",
       "      <th>6</th>\n",
       "      <td>구로구</td>\n",
       "      <td>333364</td>\n",
       "      <td>438486</td>\n",
       "      <td>0.760261</td>\n",
       "      <td>762194</td>\n",
       "      <td>0.437374</td>\n",
       "    </tr>\n",
       "    <tr>\n",
       "      <th>10</th>\n",
       "      <td>동대문구</td>\n",
       "      <td>282402</td>\n",
       "      <td>364338</td>\n",
       "      <td>0.775110</td>\n",
       "      <td>667576</td>\n",
       "      <td>0.423026</td>\n",
       "    </tr>\n",
       "    <tr>\n",
       "      <th>21</th>\n",
       "      <td>은평구</td>\n",
       "      <td>367536</td>\n",
       "      <td>487666</td>\n",
       "      <td>0.753663</td>\n",
       "      <td>897106</td>\n",
       "      <td>0.409691</td>\n",
       "    </tr>\n",
       "    <tr>\n",
       "      <th>9</th>\n",
       "      <td>도봉구</td>\n",
       "      <td>253896</td>\n",
       "      <td>341649</td>\n",
       "      <td>0.743149</td>\n",
       "      <td>643772</td>\n",
       "      <td>0.394388</td>\n",
       "    </tr>\n",
       "    <tr>\n",
       "      <th>7</th>\n",
       "      <td>금천구</td>\n",
       "      <td>150862</td>\n",
       "      <td>254021</td>\n",
       "      <td>0.593896</td>\n",
       "      <td>430900</td>\n",
       "      <td>0.350109</td>\n",
       "    </tr>\n",
       "    <tr>\n",
       "      <th>24</th>\n",
       "      <td>중랑구</td>\n",
       "      <td>257924</td>\n",
       "      <td>408147</td>\n",
       "      <td>0.631939</td>\n",
       "      <td>755878</td>\n",
       "      <td>0.341224</td>\n",
       "    </tr>\n",
       "    <tr>\n",
       "      <th>2</th>\n",
       "      <td>강북구</td>\n",
       "      <td>204604</td>\n",
       "      <td>322915</td>\n",
       "      <td>0.633616</td>\n",
       "      <td>603168</td>\n",
       "      <td>0.339216</td>\n",
       "    </tr>\n",
       "  </tbody>\n",
       "</table>\n",
       "</div>"
      ],
      "text/plain": [
       "     자치구   Total      인구   percent  교육학력_합계  percent2\n",
       "14   서초구  512484  438163  1.169620   779384  0.657550\n",
       "0    강남구  648104  547453  1.183853  1014600  0.638778\n",
       "17   송파구  646112  673507  0.959325  1182504  0.546393\n",
       "11   동작구  398216  409385  0.972718   746842  0.533200\n",
       "12   마포구  367284  386359  0.950629   700936  0.523991\n",
       "20   용산구  203740  245090  0.831286   402474  0.506219\n",
       "19  영등포구  342520  403600  0.848662   676642  0.506206\n",
       "4    관악구  466600  520040  0.897239   948262  0.492058\n",
       "22   종로구  138142  163026  0.847362   281012  0.491588\n",
       "13  서대문구  273338  323080  0.846038   569358  0.480081\n",
       "5    광진구  318664  371063  0.858787   670376  0.475351\n",
       "15   성동구  256270  316463  0.809795   540044  0.474535\n",
       "18   양천구  411328  468145  0.878634   876008  0.469548\n",
       "16   성북구  384002  447687  0.857747   846704  0.453526\n",
       "8    노원구  480002  548160  0.875660  1063136  0.451496\n",
       "3    강서구  479212  603611  0.793909  1061738  0.451347\n",
       "1    강동구  371700  431920  0.860576   830740  0.447432\n",
       "23    중구   98722  135633  0.727861   225148  0.438476\n",
       "6    구로구  333364  438486  0.760261   762194  0.437374\n",
       "10  동대문구  282402  364338  0.775110   667576  0.423026\n",
       "21   은평구  367536  487666  0.753663   897106  0.409691\n",
       "9    도봉구  253896  341649  0.743149   643772  0.394388\n",
       "7    금천구  150862  254021  0.593896   430900  0.350109\n",
       "24   중랑구  257924  408147  0.631939   755878  0.341224\n",
       "2    강북구  204604  322915  0.633616   603168  0.339216"
      ]
     },
     "execution_count": 508,
     "metadata": {},
     "output_type": "execute_result"
    }
   ],
   "source": [
    "mer.sort_values(by='percent2', ascending= False)"
   ]
  },
  {
   "cell_type": "code",
   "execution_count": 509,
   "metadata": {
    "scrolled": true
   },
   "outputs": [
    {
     "data": {
      "text/html": [
       "<div>\n",
       "<style scoped>\n",
       "    .dataframe tbody tr th:only-of-type {\n",
       "        vertical-align: middle;\n",
       "    }\n",
       "\n",
       "    .dataframe tbody tr th {\n",
       "        vertical-align: top;\n",
       "    }\n",
       "\n",
       "    .dataframe thead th {\n",
       "        text-align: right;\n",
       "    }\n",
       "</style>\n",
       "<table border=\"1\" class=\"dataframe\">\n",
       "  <thead>\n",
       "    <tr style=\"text-align: right;\">\n",
       "      <th></th>\n",
       "      <th>자치구</th>\n",
       "      <th>Total</th>\n",
       "      <th>인구</th>\n",
       "      <th>percent</th>\n",
       "      <th>교육학력_합계</th>\n",
       "      <th>percent2</th>\n",
       "    </tr>\n",
       "  </thead>\n",
       "  <tbody>\n",
       "    <tr>\n",
       "      <th>0</th>\n",
       "      <td>강남구</td>\n",
       "      <td>648104</td>\n",
       "      <td>547453</td>\n",
       "      <td>1.183853</td>\n",
       "      <td>1014600</td>\n",
       "      <td>0.638778</td>\n",
       "    </tr>\n",
       "    <tr>\n",
       "      <th>14</th>\n",
       "      <td>서초구</td>\n",
       "      <td>512484</td>\n",
       "      <td>438163</td>\n",
       "      <td>1.169620</td>\n",
       "      <td>779384</td>\n",
       "      <td>0.657550</td>\n",
       "    </tr>\n",
       "    <tr>\n",
       "      <th>11</th>\n",
       "      <td>동작구</td>\n",
       "      <td>398216</td>\n",
       "      <td>409385</td>\n",
       "      <td>0.972718</td>\n",
       "      <td>746842</td>\n",
       "      <td>0.533200</td>\n",
       "    </tr>\n",
       "    <tr>\n",
       "      <th>17</th>\n",
       "      <td>송파구</td>\n",
       "      <td>646112</td>\n",
       "      <td>673507</td>\n",
       "      <td>0.959325</td>\n",
       "      <td>1182504</td>\n",
       "      <td>0.546393</td>\n",
       "    </tr>\n",
       "    <tr>\n",
       "      <th>12</th>\n",
       "      <td>마포구</td>\n",
       "      <td>367284</td>\n",
       "      <td>386359</td>\n",
       "      <td>0.950629</td>\n",
       "      <td>700936</td>\n",
       "      <td>0.523991</td>\n",
       "    </tr>\n",
       "    <tr>\n",
       "      <th>4</th>\n",
       "      <td>관악구</td>\n",
       "      <td>466600</td>\n",
       "      <td>520040</td>\n",
       "      <td>0.897239</td>\n",
       "      <td>948262</td>\n",
       "      <td>0.492058</td>\n",
       "    </tr>\n",
       "    <tr>\n",
       "      <th>18</th>\n",
       "      <td>양천구</td>\n",
       "      <td>411328</td>\n",
       "      <td>468145</td>\n",
       "      <td>0.878634</td>\n",
       "      <td>876008</td>\n",
       "      <td>0.469548</td>\n",
       "    </tr>\n",
       "    <tr>\n",
       "      <th>8</th>\n",
       "      <td>노원구</td>\n",
       "      <td>480002</td>\n",
       "      <td>548160</td>\n",
       "      <td>0.875660</td>\n",
       "      <td>1063136</td>\n",
       "      <td>0.451496</td>\n",
       "    </tr>\n",
       "    <tr>\n",
       "      <th>1</th>\n",
       "      <td>강동구</td>\n",
       "      <td>371700</td>\n",
       "      <td>431920</td>\n",
       "      <td>0.860576</td>\n",
       "      <td>830740</td>\n",
       "      <td>0.447432</td>\n",
       "    </tr>\n",
       "    <tr>\n",
       "      <th>5</th>\n",
       "      <td>광진구</td>\n",
       "      <td>318664</td>\n",
       "      <td>371063</td>\n",
       "      <td>0.858787</td>\n",
       "      <td>670376</td>\n",
       "      <td>0.475351</td>\n",
       "    </tr>\n",
       "    <tr>\n",
       "      <th>16</th>\n",
       "      <td>성북구</td>\n",
       "      <td>384002</td>\n",
       "      <td>447687</td>\n",
       "      <td>0.857747</td>\n",
       "      <td>846704</td>\n",
       "      <td>0.453526</td>\n",
       "    </tr>\n",
       "    <tr>\n",
       "      <th>19</th>\n",
       "      <td>영등포구</td>\n",
       "      <td>342520</td>\n",
       "      <td>403600</td>\n",
       "      <td>0.848662</td>\n",
       "      <td>676642</td>\n",
       "      <td>0.506206</td>\n",
       "    </tr>\n",
       "    <tr>\n",
       "      <th>22</th>\n",
       "      <td>종로구</td>\n",
       "      <td>138142</td>\n",
       "      <td>163026</td>\n",
       "      <td>0.847362</td>\n",
       "      <td>281012</td>\n",
       "      <td>0.491588</td>\n",
       "    </tr>\n",
       "    <tr>\n",
       "      <th>13</th>\n",
       "      <td>서대문구</td>\n",
       "      <td>273338</td>\n",
       "      <td>323080</td>\n",
       "      <td>0.846038</td>\n",
       "      <td>569358</td>\n",
       "      <td>0.480081</td>\n",
       "    </tr>\n",
       "    <tr>\n",
       "      <th>20</th>\n",
       "      <td>용산구</td>\n",
       "      <td>203740</td>\n",
       "      <td>245090</td>\n",
       "      <td>0.831286</td>\n",
       "      <td>402474</td>\n",
       "      <td>0.506219</td>\n",
       "    </tr>\n",
       "    <tr>\n",
       "      <th>15</th>\n",
       "      <td>성동구</td>\n",
       "      <td>256270</td>\n",
       "      <td>316463</td>\n",
       "      <td>0.809795</td>\n",
       "      <td>540044</td>\n",
       "      <td>0.474535</td>\n",
       "    </tr>\n",
       "    <tr>\n",
       "      <th>3</th>\n",
       "      <td>강서구</td>\n",
       "      <td>479212</td>\n",
       "      <td>603611</td>\n",
       "      <td>0.793909</td>\n",
       "      <td>1061738</td>\n",
       "      <td>0.451347</td>\n",
       "    </tr>\n",
       "    <tr>\n",
       "      <th>10</th>\n",
       "      <td>동대문구</td>\n",
       "      <td>282402</td>\n",
       "      <td>364338</td>\n",
       "      <td>0.775110</td>\n",
       "      <td>667576</td>\n",
       "      <td>0.423026</td>\n",
       "    </tr>\n",
       "    <tr>\n",
       "      <th>6</th>\n",
       "      <td>구로구</td>\n",
       "      <td>333364</td>\n",
       "      <td>438486</td>\n",
       "      <td>0.760261</td>\n",
       "      <td>762194</td>\n",
       "      <td>0.437374</td>\n",
       "    </tr>\n",
       "    <tr>\n",
       "      <th>21</th>\n",
       "      <td>은평구</td>\n",
       "      <td>367536</td>\n",
       "      <td>487666</td>\n",
       "      <td>0.753663</td>\n",
       "      <td>897106</td>\n",
       "      <td>0.409691</td>\n",
       "    </tr>\n",
       "    <tr>\n",
       "      <th>9</th>\n",
       "      <td>도봉구</td>\n",
       "      <td>253896</td>\n",
       "      <td>341649</td>\n",
       "      <td>0.743149</td>\n",
       "      <td>643772</td>\n",
       "      <td>0.394388</td>\n",
       "    </tr>\n",
       "    <tr>\n",
       "      <th>23</th>\n",
       "      <td>중구</td>\n",
       "      <td>98722</td>\n",
       "      <td>135633</td>\n",
       "      <td>0.727861</td>\n",
       "      <td>225148</td>\n",
       "      <td>0.438476</td>\n",
       "    </tr>\n",
       "    <tr>\n",
       "      <th>2</th>\n",
       "      <td>강북구</td>\n",
       "      <td>204604</td>\n",
       "      <td>322915</td>\n",
       "      <td>0.633616</td>\n",
       "      <td>603168</td>\n",
       "      <td>0.339216</td>\n",
       "    </tr>\n",
       "    <tr>\n",
       "      <th>24</th>\n",
       "      <td>중랑구</td>\n",
       "      <td>257924</td>\n",
       "      <td>408147</td>\n",
       "      <td>0.631939</td>\n",
       "      <td>755878</td>\n",
       "      <td>0.341224</td>\n",
       "    </tr>\n",
       "    <tr>\n",
       "      <th>7</th>\n",
       "      <td>금천구</td>\n",
       "      <td>150862</td>\n",
       "      <td>254021</td>\n",
       "      <td>0.593896</td>\n",
       "      <td>430900</td>\n",
       "      <td>0.350109</td>\n",
       "    </tr>\n",
       "  </tbody>\n",
       "</table>\n",
       "</div>"
      ],
      "text/plain": [
       "     자치구   Total      인구   percent  교육학력_합계  percent2\n",
       "0    강남구  648104  547453  1.183853  1014600  0.638778\n",
       "14   서초구  512484  438163  1.169620   779384  0.657550\n",
       "11   동작구  398216  409385  0.972718   746842  0.533200\n",
       "17   송파구  646112  673507  0.959325  1182504  0.546393\n",
       "12   마포구  367284  386359  0.950629   700936  0.523991\n",
       "4    관악구  466600  520040  0.897239   948262  0.492058\n",
       "18   양천구  411328  468145  0.878634   876008  0.469548\n",
       "8    노원구  480002  548160  0.875660  1063136  0.451496\n",
       "1    강동구  371700  431920  0.860576   830740  0.447432\n",
       "5    광진구  318664  371063  0.858787   670376  0.475351\n",
       "16   성북구  384002  447687  0.857747   846704  0.453526\n",
       "19  영등포구  342520  403600  0.848662   676642  0.506206\n",
       "22   종로구  138142  163026  0.847362   281012  0.491588\n",
       "13  서대문구  273338  323080  0.846038   569358  0.480081\n",
       "20   용산구  203740  245090  0.831286   402474  0.506219\n",
       "15   성동구  256270  316463  0.809795   540044  0.474535\n",
       "3    강서구  479212  603611  0.793909  1061738  0.451347\n",
       "10  동대문구  282402  364338  0.775110   667576  0.423026\n",
       "6    구로구  333364  438486  0.760261   762194  0.437374\n",
       "21   은평구  367536  487666  0.753663   897106  0.409691\n",
       "9    도봉구  253896  341649  0.743149   643772  0.394388\n",
       "23    중구   98722  135633  0.727861   225148  0.438476\n",
       "2    강북구  204604  322915  0.633616   603168  0.339216\n",
       "24   중랑구  257924  408147  0.631939   755878  0.341224\n",
       "7    금천구  150862  254021  0.593896   430900  0.350109"
      ]
     },
     "execution_count": 509,
     "metadata": {},
     "output_type": "execute_result"
    }
   ],
   "source": [
    "mer.sort_values(by='percent', ascending= False)"
   ]
  },
  {
   "cell_type": "code",
   "execution_count": 536,
   "metadata": {},
   "outputs": [],
   "source": [
    "dong_1 = dong.merge(mer, how= 'inner', on ='자치구')"
   ]
  },
  {
   "cell_type": "code",
   "execution_count": 537,
   "metadata": {},
   "outputs": [
    {
     "name": "stdout",
     "output_type": "stream",
     "text": [
      "<class 'pandas.core.frame.DataFrame'>\n",
      "Int64Index: 424 entries, 0 to 423\n",
      "Data columns (total 34 columns):\n",
      "Unnamed: 0      424 non-null int64\n",
      "Unnamed: 0.1    424 non-null int64\n",
      "자치구             424 non-null object\n",
      "동               424 non-null object\n",
      "총가구             424 non-null int64\n",
      "면적_동            424 non-null float64\n",
      "store_총_개소      424 non-null float64\n",
      "백화점_개소          424 non-null float64\n",
      "백화점_건물연면적       424 non-null float64\n",
      "복합쇼핑몰_개소        424 non-null float64\n",
      "복합쇼핑몰_건물연면적     424 non-null float64\n",
      "전문점_개소          424 non-null float64\n",
      "전문점_건물연면적       424 non-null float64\n",
      "합계_사업체수         424 non-null int64\n",
      "총_수급자_가구        424 non-null float64\n",
      "㎡당 매매평균가        424 non-null float64\n",
      "㎡당 전세평균가        424 non-null float64\n",
      "수입차합계           424 non-null float64\n",
      "수입화물차           424 non-null float64\n",
      "수입특수차           424 non-null float64\n",
      "주택건설현황          424 non-null int64\n",
      "인구_x            424 non-null int64\n",
      "면적              424 non-null float64\n",
      "인구밀도            424 non-null int64\n",
      "행정구역코드          424 non-null float64\n",
      "구별_인구_비율        424 non-null float64\n",
      "가구수_비율          424 non-null float64\n",
      "동별_승용차수         424 non-null float64\n",
      "가구수별_승용차수       424 non-null float64\n",
      "Total           424 non-null int64\n",
      "인구_y            424 non-null int64\n",
      "percent         424 non-null float64\n",
      "교육학력_합계         424 non-null int64\n",
      "percent2        424 non-null float64\n",
      "dtypes: float64(22), int64(10), object(2)\n",
      "memory usage: 115.9+ KB\n"
     ]
    }
   ],
   "source": [
    "dong_1.info()"
   ]
  },
  {
   "cell_type": "code",
   "execution_count": 541,
   "metadata": {},
   "outputs": [
    {
     "data": {
      "text/plain": [
       "0     9818\n",
       "1     3073\n",
       "2    10537\n",
       "3    19105\n",
       "4     8260\n",
       "Name: 인구_x, dtype: int64"
      ]
     },
     "execution_count": 541,
     "metadata": {},
     "output_type": "execute_result"
    }
   ],
   "source": [
    "dong_1.인구_x.head()"
   ]
  },
  {
   "cell_type": "code",
   "execution_count": 542,
   "metadata": {},
   "outputs": [],
   "source": [
    "dong_1['edu_percent']= dong_1.Total*dong_1.구별_인구_비율"
   ]
  },
  {
   "cell_type": "code",
   "execution_count": 543,
   "metadata": {},
   "outputs": [],
   "source": [
    "dong_1['edu_eduT_percent']= dong_1.percent2*dong_1.구별_인구_비율"
   ]
  },
  {
   "cell_type": "code",
   "execution_count": 544,
   "metadata": {},
   "outputs": [],
   "source": [
    "dong_1=dong_1[[ '자치구', '동','edu_percent', 'edu_eduT_percent','인구_x']]"
   ]
  },
  {
   "cell_type": "code",
   "execution_count": 545,
   "metadata": {
    "scrolled": true
   },
   "outputs": [
    {
     "data": {
      "text/html": [
       "<div>\n",
       "<style scoped>\n",
       "    .dataframe tbody tr th:only-of-type {\n",
       "        vertical-align: middle;\n",
       "    }\n",
       "\n",
       "    .dataframe tbody tr th {\n",
       "        vertical-align: top;\n",
       "    }\n",
       "\n",
       "    .dataframe thead th {\n",
       "        text-align: right;\n",
       "    }\n",
       "</style>\n",
       "<table border=\"1\" class=\"dataframe\">\n",
