,Unnamed: 0,일자,지점번호,방향,시간,교통량
5432,5432,20190201,D-17,연희IC->연희삼거리,0,636.0
5460,5460,20190201,D-17,연희삼거리->연희IC,0,514.0
12992,12992,20190201,D-17,연희IC->연희삼거리,1,517.0
13020,13020,20190201,D-17,연희삼거리->연희IC,1,444.0
20552,20552,20190201,D-17,연희IC->연희삼거리,2,366.0
20580,20580,20190201,D-17,연희삼거리->연희IC,2,363.0
28112,28112,20190201,D-17,연희IC->연희삼거리,3,253.0
28140,28140,20190201,D-17,연희삼거리->연희IC,3,271.0
35672,35672,20190201,D-17,연희IC->연희삼거리,4,278.0
35700,35700,20190201,D-17,연희삼거리->연희IC,4,226.0
43232,43232,20190201,D-17,연희IC->연희삼거리,5,418.0
43260,43260,20190201,D-17,연희삼거리->연희IC,5,259.0
50792,50792,20190201,D-17,연희IC->연희삼거리,6,763.0
50820,50820,20190201,D-17,연희삼거리->연희IC,6,433.0
58352,58352,20190201,D-17,연희IC->연희삼거리,7,1153.0
58380,58380,20190201,D-17,연희삼거리->연희IC,7,662.0
65912,65912,20190201,D-17,연희IC->연희삼거리,8,1010.0
65940,65940,20190201,D-17,연희삼거리->연희IC,8,679.0
73472,73472,20190201,D-17,연희IC->연희삼거리,9,1185.0
73500,73500,20190201,D-17,연희삼거리->연희IC,9,763.0
81032,81032,20190201,D-17,연희IC->연희삼거리,10,1326.0
81060,81060,20190201,D-17,연희삼거리->연희IC,10,836.0
88592,88592,20190201,D-17,연희IC->연희삼거리,11,1212.0
88620,88620,20190201,D-17,연희삼거리->연희IC,11,826.0
96152,96152,20190201,D-17,연희IC->연희삼거리,12,1106.0
96180,96180,20190201,D-17,연희삼거리->연희IC,12,822.0
103712,103712,20190201,D-17,연희IC->연희삼거리,13,1184.0
103740,103740,20190201,D-17,연희삼거리->연희IC,13,932.0
111272,111272,20190201,D-17,연희IC->연희삼거리,14,1126.0
111300,111300,20190201,D-17,연희삼거리->연희IC,14,966.0
118832,118832,20190201,D-17,연희IC->연희삼거리,15,1234.0
118860,118860,20190201,D-17,연희삼거리->연희IC,15,1075.0
126392,126392,20190201,D-17,연희IC->연희삼거리,16,1211.0
126420,126420,20190201,D-17,연희삼거리->연희IC,16,1178.0
133952,133952,20190201,D-17,연희IC->연희삼거리,17,1134.0
133980,133980,20190201,D-17,연희삼거리->연희IC,17,1191.0
141512,141512,20190201,D-17,연희IC->연희삼거리,18,995.0
141540,141540,20190201,D-17,연희삼거리->연희IC,18,1155.0
149072,149072,20190201,D-17,연희IC->연희삼거리,19,995.0
149100,149100,20190201,D-17,연희삼거리->연희IC,19,1193.0
156632,156632,20190201,D-17,연희IC->연희삼거리,20,926.0
156660,156660,20190201,D-17,연희삼거리->연희IC,20,1049.0
164192,164192,20190201,D-17,연희IC->연희삼거리,21,940.0
164220,164220,20190201,D-17,연희삼거리->연희IC,21,929.0
171752,171752,20190201,D-17,연희IC->연희삼거리,22,865.0
171780,171780,20190201,D-17,연희삼거리->연희IC,22,816.0
179312,179312,20190201,D-17,연희IC->연희삼거리,23,751.0
179340,179340,20190201,D-17,연희삼거리->연희IC,23,658.0
5433,5433,20190202,D-17,연희IC->연희삼거리,0,637.0
5461,5461,20190202,D-17,연희삼거리->연희IC,0,567.0
12993,12993,20190202,D-17,연희IC->연희삼거리,1,505.0
13021,13021,20190202,D-17,연희삼거리->연희IC,1,453.0
20553,20553,20190202,D-17,연희IC->연희삼거리,2,450.0
20581,20581,20190202,D-17,연희삼거리->연희IC,2,417.0
28113,28113,20190202,D-17,연희IC->연희삼거리,3,349.0
28141,28141,20190202,D-17,연희삼거리->연희IC,3,310.0
35673,35673,20190202,D-17,연희IC->연희삼거리,4,329.0
35701,35701,20190202,D-17,연희삼거리->연희IC,4,274.0
43233,43233,20190202,D-17,연희IC->연희삼거리,5,402.0
43261,43261,20190202,D-17,연희삼거리->연희IC,5,269.0
50793,50793,20190202,D-17,연희IC->연희삼거리,6,443.0
50821,50821,20190202,D-17,연희삼거리->연희IC,6,322.0
58353,58353,20190202,D-17,연희IC->연희삼거리,7,567.0
58381,58381,20190202,D-17,연희삼거리->연희IC,7,434.0
65913,65913,20190202,D-17,연희IC->연희삼거리,8,753.0
65941,65941,20190202,D-17,연희삼거리->연희IC,8,566.0
73473,73473,20190202,D-17,연희IC->연희삼거리,9,1114.0
73501,73501,20190202,D-17,연희삼거리->연희IC,9,674.0
81033,81033,20190202,D-17,연희IC->연희삼거리,10,1210.0
81061,81061,20190202,D-17,연희삼거리->연희IC,10,737.0
88593,88593,20190202,D-17,연희IC->연희삼거리,11,1299.0
88621,88621,20190202,D-17,연희삼거리->연희IC,11,895.0
96153,96153,20190202,D-17,연희IC->연희삼거리,12,1255.0
96181,96181,20190202,D-17,연희삼거리->연희IC,12,1001.0
103713,103713,20190202,D-17,연희IC->연희삼거리,13,1282.0
103741,103741,20190202,D-17,연희삼거리->연희IC,13,886.0
111273,111273,20190202,D-17,연희IC->연희삼거리,14,1294.0
111301,111301,20190202,D-17,연희삼거리->연희IC,14,919.0
118833,118833,20190202,D-17,연희IC->연희삼거리,15,1223.0
118861,118861,20190202,D-17,연희삼거리->연희IC,15,921.0
126393,126393,20190202,D-17,연희IC->연희삼거리,16,1136.0
126421,126421,20190202,D-17,연희삼거리->연희IC,16,885.0
133953,133953,20190202,D-17,연희IC->연희삼거리,17,1190.0
133981,133981,20190202,D-17,연희삼거리->연희IC,17,998.0
141513,141513,20190202,D-17,연희IC->연희삼거리,18,1013.0
141541,141541,20190202,D-17,연희삼거리->연희IC,18,881.0
149073,149073,20190202,D-17,연희IC->연희삼거리,19,938.0
149101,149101,20190202,D-17,연희삼거리->연희IC,19,760.0
156633,156633,20190202,D-17,연희IC->연희삼거리,20,841.0
156661,156661,20190202,D-17,연희삼거리->연희IC,20,779.0
164193,164193,20190202,D-17,연희IC->연희삼거리,21,776.0
164221,164221,20190202,D-17,연희삼거리->연희IC,21,740.0
171753,171753,20190202,D-17,연희IC->연희삼거리,22,693.0
171781,171781,20190202,D-17,연희삼거리->연희IC,22,706.0
179313,179313,20190202,D-17,연희IC->연희삼거리,23,663.0
179341,179341,20190202,D-17,연희삼거리->연희IC,23,590.0
5434,5434,20190203,D-17,연희IC->연희삼거리,0,550.0
5462,5462,20190203,D-17,연희삼거리->연희IC,0,480.0
12994,12994,20190203,D-17,연희IC->연희삼거리,1,432.0
13022,13022,20190203,D-17,연희삼거리->연희IC,1,395.0
20554,20554,20190203,D-17,연희IC->연희삼거리,2,325.0
20582,20582,20190203,D-17,연희삼거리->연희IC,2,330.0
28114,28114,20190203,D-17,연희IC->연희삼거리,3,274.0
28142,28142,20190203,D-17,연희삼거리->연희IC,3,253.0
35674,35674,20190203,D-17,연희IC->연희삼거리,4,238.0
35702,35702,20190203,D-17,연희삼거리->연희IC,4,209.0
43234,43234,20190203,D-17,연희IC->연희삼거리,5,244.0
43262,43262,20190203,D-17,연희삼거리->연희IC,5,200.0
50794,50794,20190203,D-17,연희IC->연희삼거리,6,329.0
50822,50822,20190203,D-17,연희삼거리->연희IC,6,237.0
58354,58354,20190203,D-17,연희IC->연희삼거리,7,362.0
58382,58382,20190203,D-17,연희삼거리->연희IC,7,275.0
65914,65914,20190203,D-17,연희IC->연희삼거리,8,573.0
65942,65942,20190203,D-17,연희삼거리->연희IC,8,422.0
73474,73474,20190203,D-17,연희IC->연희삼거리,9,797.0
73502,73502,20190203,D-17,연희삼거리->연희IC,9,511.0
81034,81034,20190203,D-17,연희IC->연희삼거리,10,1039.0
81062,81062,20190203,D-17,연희삼거리->연희IC,10,618.0
88594,88594,20190203,D-17,연희IC->연희삼거리,11,885.0
88622,88622,20190203,D-17,연희삼거리->연희IC,11,598.0
96154,96154,20190203,D-17,연희IC->연희삼거리,12,999.0
96182,96182,20190203,D-17,연희삼거리->연희IC,12,764.0
103714,103714,20190203,D-17,연희IC->연희삼거리,13,1155.0
103742,103742,20190203,D-17,연희삼거리->연희IC,13,832.0
111274,111274,20190203,D-17,연희IC->연희삼거리,14,1096.0
111302,111302,20190203,D-17,연희삼거리->연희IC,14,850.0
118834,118834,20190203,D-17,연희IC->연희삼거리,15,1067.0
118862,118862,20190203,D-17,연희삼거리->연희IC,15,855.0
126394,126394,20190203,D-17,연희IC->연희삼거리,16,1063.0
126422,126422,20190203,D-17,연희삼거리->연희IC,16,825.0
133954,133954,20190203,D-17,연희IC->연희삼거리,17,1008.0
133982,133982,20190203,D-17,연희삼거리->연희IC,17,780.0
141514,141514,20190203,D-17,연희IC->연희삼거리,18,891.0
141542,141542,20190203,D-17,연희삼거리->연희IC,18,693.0
149074,149074,20190203,D-17,연희IC->연희삼거리,19,763.0
149102,149102,20190203,D-17,연희삼거리->연희IC,19,665.0
156634,156634,20190203,D-17,연희IC->연희삼거리,20,684.0
156662,156662,20190203,D-17,연희삼거리->연희IC,20,582.0
164194,164194,20190203,D-17,연희IC->연희삼거리,21,659.0
164222,164222,20190203,D-17,연희삼거리->연희IC,21,585.0
171754,171754,20190203,D-17,연희IC->연희삼거리,22,588.0
171782,171782,20190203,D-17,연희삼거리->연희IC,22,516.0
179314,179314,20190203,D-17,연희IC->연희삼거리,23,407.0
179342,179342,20190203,D-17,연희삼거리->연희IC,23,460.0
5435,5435,20190204,D-17,연희IC->연희삼거리,0,351.0
5463,5463,20190204,D-17,연희삼거리->연희IC,0,334.0
12995,12995,20190204,D-17,연희IC->연희삼거리,1,317.0
13023,13023,20190204,D-17,연희삼거리->연희IC,1,269.0
20555,20555,20190204,D-17,연희IC->연희삼거리,2,228.0
20583,20583,20190204,D-17,연희삼거리->연희IC,2,220.0
28115,28115,20190204,D-17,연희IC->연희삼거리,3,216.0
28143,28143,20190204,D-17,연희삼거리->연희IC,3,185.0
35675,35675,20190204,D-17,연희IC->연희삼거리,4,194.0
35703,35703,20190204,D-17,연희삼거리->연희IC,4,138.0
43235,43235,20190204,D-17,연희IC->연희삼거리,5,240.0
43263,43263,20190204,D-17,연희삼거리->연희IC,5,153.0
50795,50795,20190204,D-17,연희IC->연희삼거리,6,291.0
50823,50823,20190204,D-17,연희삼거리->연희IC,6,232.0
58355,58355,20190204,D-17,연희IC->연희삼거리,7,342.0
58383,58383,20190204,D-17,연희삼거리->연희IC,7,291.0
65915,65915,20190204,D-17,연희IC->연희삼거리,8,464.0
65943,65943,20190204,D-17,연희삼거리->연희IC,8,313.0
73475,73475,20190204,D-17,연희IC->연희삼거리,9,644.0
73503,73503,20190204,D-17,연희삼거리->연희IC,9,457.0
81035,81035,20190204,D-17,연희IC->연희삼거리,10,860.0
81063,81063,20190204,D-17,연희삼거리->연희IC,10,593.0
88595,88595,20190204,D-17,연희IC->연희삼거리,11,914.0
88623,88623,20190204,D-17,연희삼거리->연희IC,11,712.0
96155,96155,20190204,D-17,연희IC->연희삼거리,12,984.0
96183,96183,20190204,D-17,연희삼거리->연희IC,12,789.0
103715,103715,20190204,D-17,연희IC->연희삼거리,13,949.0
103743,103743,20190204,D-17,연희삼거리->연희IC,13,754.0
111275,111275,20190204,D-17,연희IC->연희삼거리,14,969.0
111303,111303,20190204,D-17,연희삼거리->연희IC,14,764.0
118835,118835,20190204,D-17,연희IC->연희삼거리,15,945.0
118863,118863,20190204,D-17,연희삼거리->연희IC,15,769.0
126395,126395,20190204,D-17,연희IC->연희삼거리,16,933.0
126423,126423,20190204,D-17,연희삼거리->연희IC,16,803.0
133955,133955,20190204,D-17,연희IC->연희삼거리,17,925.0
133983,133983,20190204,D-17,연희삼거리->연희IC,17,686.0
141515,141515,20190204,D-17,연희IC->연희삼거리,18,828.0
141543,141543,20190204,D-17,연희삼거리->연희IC,18,688.0
149075,149075,20190204,D-17,연희IC->연희삼거리,19,732.0
149103,149103,20190204,D-17,연희삼거리->연희IC,19,624.0
156635,156635,20190204,D-17,연희IC->연희삼거리,20,683.0
156663,156663,20190204,D-17,연희삼거리->연희IC,20,673.0
164195,164195,20190204,D-17,연희IC->연희삼거리,21,654.0
164223,164223,20190204,D-17,연희삼거리->연희IC,21,536.0
171755,171755,20190204,D-17,연희IC->연희삼거리,22,556.0
171783,171783,20190204,D-17,연희삼거리->연희IC,22,495.0
179315,179315,20190204,D-17,연희IC->연희삼거리,23,436.0
179343,179343,20190204,D-17,연희삼거리->연희IC,23,442.0
5436,5436,20190205,D-17,연희IC->연희삼거리,0,351.0
5464,5464,20190205,D-17,연희삼거리->연희IC,0,334.0
12996,12996,20190205,D-17,연희IC->연희삼거리,1,245.0
13024,13024,20190205,D-17,연희삼거리->연희IC,1,244.0
20556,20556,20190205,D-17,연희IC->연희삼거리,2,194.0
20584,20584,20190205,D-17,연희삼거리->연희IC,2,205.0
28116,28116,20190205,D-17,연희IC->연희삼거리,3,136.0
28144,28144,20190205,D-17,연희삼거리->연희IC,3,152.0
35676,35676,20190205,D-17,연희IC->연희삼거리,4,148.0
35704,35704,20190205,D-17,연희삼거리->연희IC,4,122.0
43236,43236,20190205,D-17,연희IC->연희삼거리,5,182.0
43264,43264,20190205,D-17,연희삼거리->연희IC,5,135.0
50796,50796,20190205,D-17,연희IC->연희삼거리,6,327.0
50824,50824,20190205,D-17,연희삼거리->연희IC,6,254.0
58356,58356,20190205,D-17,연희IC->연희삼거리,7,501.0
58384,58384,20190205,D-17,연희삼거리->연희IC,7,456.0
65916,65916,20190205,D-17,연희IC->연희삼거리,8,651.0
65944,65944,20190205,D-17,연희삼거리->연희IC,8,728.0
73476,73476,20190205,D-17,연희IC->연희삼거리,9,604.0
73504,73504,20190205,D-17,연희삼거리->연희IC,9,605.0
81036,81036,20190205,D-17,연희IC->연희삼거리,10,765.0
81064,81064,20190205,D-17,연희삼거리->연희IC,10,592.0
88596,88596,20190205,D-17,연희IC->연희삼거리,11,1218.0
88624,88624,20190205,D-17,연희삼거리->연희IC,11,719.0
96156,96156,20190205,D-17,연희IC->연희삼거리,12,1224.0
96184,96184,20190205,D-17,연희삼거리->연희IC,12,968.0
103716,103716,20190205,D-17,연희IC->연희삼거리,13,1303.0
103744,103744,20190205,D-17,연희삼거리->연희IC,13,1017.0
111276,111276,20190205,D-17,연희IC->연희삼거리,14,1239.0
111304,111304,20190205,D-17,연희삼거리->연희IC,14,1141.0
118836,118836,20190205,D-17,연희IC->연희삼거리,15,1301.0
118864,118864,20190205,D-17,연희삼거리->연희IC,15,1116.0
126396,126396,20190205,D-17,연희IC->연희삼거리,16,1294.0
126424,126424,20190205,D-17,연희삼거리->연희IC,16,1027.0
133956,133956,20190205,D-17,연희IC->연희삼거리,17,1127.0
133984,133984,20190205,D-17,연희삼거리->연희IC,17,1081.0
141516,141516,20190205,D-17,연희IC->연희삼거리,18,909.0
141544,141544,20190205,D-17,연희삼거리->연희IC,18,810.0
149076,149076,20190205,D-17,연희IC->연희삼거리,19,731.0
149104,149104,20190205,D-17,연희삼거리->연희IC,19,608.0
156636,156636,20190205,D-17,연희IC->연희삼거리,20,807.0
156664,156664,20190205,D-17,연희삼거리->연희IC,20,585.0
164196,164196,20190205,D-17,연희IC->연희삼거리,21,765.0
164224,164224,20190205,D-17,연희삼거리->연희IC,21,571.0
171756,171756,20190205,D-17,연희IC->연희삼거리,22,582.0
171784,171784,20190205,D-17,연희삼거리->연희IC,22,533.0
179316,179316,20190205,D-17,연희IC->연희삼거리,23,511.0
179344,179344,20190205,D-17,연희삼거리->연희IC,23,460.0
5437,5437,20190206,D-17,연희IC->연희삼거리,0,391.0
5465,5465,20190206,D-17,연희삼거리->연희IC,0,404.0
12997,12997,20190206,D-17,연희IC->연희삼거리,1,328.0
13025,13025,20190206,D-17,연희삼거리->연희IC,1,323.0
20557,20557,20190206,D-17,연희IC->연희삼거리,2,248.0
20585,20585,20190206,D-17,연희삼거리->연희IC,2,271.0
28117,28117,20190206,D-17,연희IC->연희삼거리,3,167.0
28145,28145,20190206,D-17,연희삼거리->연희IC,3,184.0
35677,35677,20190206,D-17,연희IC->연희삼거리,4,161.0
35705,35705,20190206,D-17,연희삼거리->연희IC,4,138.0
43237,43237,20190206,D-17,연희IC->연희삼거리,5,196.0
43265,43265,20190206,D-17,연희삼거리->연희IC,5,152.0
50797,50797,20190206,D-17,연희IC->연희삼거리,6,265.0
50825,50825,20190206,D-17,연희삼거리->연희IC,6,235.0
58357,58357,20190206,D-17,연희IC->연희삼거리,7,317.0
58385,58385,20190206,D-17,연희삼거리->연희IC,7,270.0
65917,65917,20190206,D-17,연희IC->연희삼거리,8,428.0
65945,65945,20190206,D-17,연희삼거리->연희IC,8,332.0
73477,73477,20190206,D-17,연희IC->연희삼거리,9,627.0
73505,73505,20190206,D-17,연희삼거리->연희IC,9,421.0
81037,81037,20190206,D-17,연희IC->연희삼거리,10,766.0
81065,81065,20190206,D-17,연희삼거리->연희IC,10,516.0
88597,88597,20190206,D-17,연희IC->연희삼거리,11,923.0
88625,88625,20190206,D-17,연희삼거리->연희IC,11,600.0
96157,96157,20190206,D-17,연희IC->연희삼거리,12,1064.0
96185,96185,20190206,D-17,연희삼거리->연희IC,12,711.0
103717,103717,20190206,D-17,연희IC->연희삼거리,13,1029.0
103745,103745,20190206,D-17,연희삼거리->연희IC,13,722.0
111277,111277,20190206,D-17,연희IC->연희삼거리,14,1098.0
111305,111305,20190206,D-17,연희삼거리->연희IC,14,773.0
118837,118837,20190206,D-17,연희IC->연희삼거리,15,1061.0
118865,118865,20190206,D-17,연희삼거리->연희IC,15,796.0
126397,126397,20190206,D-17,연희IC->연희삼거리,16,1092.0
126425,126425,20190206,D-17,연희삼거리->연희IC,16,763.0
133957,133957,20190206,D-17,연희IC->연희삼거리,17,975.0
133985,133985,20190206,D-17,연희삼거리->연희IC,17,722.0
141517,141517,20190206,D-17,연희IC->연희삼거리,18,879.0
141545,141545,20190206,D-17,연희삼거리->연희IC,18,689.0
149077,149077,20190206,D-17,연희IC->연희삼거리,19,770.0
149105,149105,20190206,D-17,연희삼거리->연희IC,19,674.0
156637,156637,20190206,D-17,연희IC->연희삼거리,20,757.0
156665,156665,20190206,D-17,연희삼거리->연희IC,20,667.0
164197,164197,20190206,D-17,연희IC->연희삼거리,21,712.0
164225,164225,20190206,D-17,연희삼거리->연희IC,21,674.0
171757,171757,20190206,D-17,연희IC->연희삼거리,22,615.0
171785,171785,20190206,D-17,연희삼거리->연희IC,22,578.0
179317,179317,20190206,D-17,연희IC->연희삼거리,23,507.0
179345,179345,20190206,D-17,연희삼거리->연희IC,23,499.0
5438,5438,20190207,D-17,연희IC->연희삼거리,0,396.0
5466,5466,20190207,D-17,연희삼거리->연희IC,0,410.0
12998,12998,20190207,D-17,연희IC->연희삼거리,1,307.0
13026,13026,20190207,D-17,연희삼거리->연희IC,1,315.0
20558,20558,20190207,D-17,연희IC->연희삼거리,2,229.0
20586,20586,20190207,D-17,연희삼거리->연희IC,2,234.0
28118,28118,20190207,D-17,연희IC->연희삼거리,3,165.0
28146,28146,20190207,D-17,연희삼거리->연희IC,3,188.0
35678,35678,20190207,D-17,연희IC->연희삼거리,4,191.0
35706,35706,20190207,D-17,연희삼거리->연희IC,4,150.0
43238,43238,20190207,D-17,연희IC->연희삼거리,5,355.0
43266,43266,20190207,D-17,연희삼거리->연희IC,5,224.0
50798,50798,20190207,D-17,연희IC->연희삼거리,6,749.0
50826,50826,20190207,D-17,연희삼거리->연희IC,6,353.0
58358,58358,20190207,D-17,연희IC->연희삼거리,7,1150.0
58386,58386,20190207,D-17,연희삼거리->연희IC,7,634.0
65918,65918,20190207,D-17,연희IC->연희삼거리,8,1078.0
65946,65946,20190207,D-17,연희삼거리->연희IC,8,728.0
73478,73478,20190207,D-17,연희IC->연희삼거리,9,1157.0
73506,73506,20190207,D-17,연희삼거리->연희IC,9,728.0
81038,81038,20190207,D-17,연희IC->연희삼거리,10,1111.0
81066,81066,20190207,D-17,연희삼거리->연희IC,10,840.0
88598,88598,20190207,D-17,연희IC->연희삼거리,11,1062.0
88626,88626,20190207,D-17,연희삼거리->연희IC,11,769.0
96158,96158,20190207,D-17,연희IC->연희삼거리,12,1032.0
96186,96186,20190207,D-17,연희삼거리->연희IC,12,808.0
103718,103718,20190207,D-17,연희IC->연희삼거리,13,1124.0
103746,103746,20190207,D-17,연희삼거리->연희IC,13,844.0
111278,111278,20190207,D-17,연희IC->연희삼거리,14,1115.0
111306,111306,20190207,D-17,연희삼거리->연희IC,14,842.0
118838,118838,20190207,D-17,연희IC->연희삼거리,15,1117.0
118866,118866,20190207,D-17,연희삼거리->연희IC,15,953.0
126398,126398,20190207,D-17,연희IC->연희삼거리,16,1140.0
126426,126426,20190207,D-17,연희삼거리->연희IC,16,975.0
133958,133958,20190207,D-17,연희IC->연희삼거리,17,1070.0
133986,133986,20190207,D-17,연희삼거리->연희IC,17,1125.0
141518,141518,20190207,D-17,연희IC->연희삼거리,18,1044.0
141546,141546,20190207,D-17,연희삼거리->연희IC,18,1178.0
149078,149078,20190207,D-17,연희IC->연희삼거리,19,996.0
149106,149106,20190207,D-17,연희삼거리->연희IC,19,1108.0
156638,156638,20190207,D-17,연희IC->연희삼거리,20,859.0
156666,156666,20190207,D-17,연희삼거리->연희IC,20,910.0
164198,164198,20190207,D-17,연희IC->연희삼거리,21,889.0
164226,164226,20190207,D-17,연희삼거리->연희IC,21,819.0
171758,171758,20190207,D-17,연희IC->연희삼거리,22,845.0
171786,171786,20190207,D-17,연희삼거리->연희IC,22,825.0
179318,179318,20190207,D-17,연희IC->연희삼거리,23,681.0
179346,179346,20190207,D-17,연희삼거리->연희IC,23,580.0
5439,5439,20190208,D-17,연희IC->연희삼거리,0,525.0
5467,5467,20190208,D-17,연희삼거리->연희IC,0,520.0
12999,12999,20190208,D-17,연희IC->연희삼거리,1,384.0
13027,13027,20190208,D-17,연희삼거리->연희IC,1,390.0
20559,20559,20190208,D-17,연희IC->연희삼거리,2,284.0
20587,20587,20190208,D-17,연희삼거리->연희IC,2,298.0
28119,28119,20190208,D-17,연희IC->연희삼거리,3,207.0
28147,28147,20190208,D-17,연희삼거리->연희IC,3,204.0
35679,35679,20190208,D-17,연희IC->연희삼거리,4,217.0
35707,35707,20190208,D-17,연희삼거리->연희IC,4,186.0
43239,43239,20190208,D-17,연희IC->연희삼거리,5,406.0
43267,43267,20190208,D-17,연희삼거리->연희IC,5,270.0
50799,50799,20190208,D-17,연희IC->연희삼거리,6,756.0
50827,50827,20190208,D-17,연희삼거리->연희IC,6,393.0
58359,58359,20190208,D-17,연희IC->연희삼거리,7,1180.0
58387,58387,20190208,D-17,연희삼거리->연희IC,7,661.0
65919,65919,20190208,D-17,연희IC->연희삼거리,8,1030.0
65947,65947,20190208,D-17,연희삼거리->연희IC,8,740.0
73479,73479,20190208,D-17,연희IC->연희삼거리,9,1244.0
73507,73507,20190208,D-17,연희삼거리->연희IC,9,690.0
81039,81039,20190208,D-17,연희IC->연희삼거리,10,1219.0
81067,81067,20190208,D-17,연희삼거리->연희IC,10,823.0
88599,88599,20190208,D-17,연희IC->연희삼거리,11,1131.0
88627,88627,20190208,D-17,연희삼거리->연희IC,11,846.0
96159,96159,20190208,D-17,연희IC->연희삼거리,12,1132.0
96187,96187,20190208,D-17,연희삼거리->연희IC,12,822.0
103719,103719,20190208,D-17,연희IC->연희삼거리,13,1175.0
103747,103747,20190208,D-17,연희삼거리->연희IC,13,862.0
111279,111279,20190208,D-17,연희IC->연희삼거리,14,1139.0
111307,111307,20190208,D-17,연희삼거리->연희IC,14,910.0
118839,118839,20190208,D-17,연희IC->연희삼거리,15,1153.0
118867,118867,20190208,D-17,연희삼거리->연희IC,15,1041.0
126399,126399,20190208,D-17,연희IC->연희삼거리,16,1131.0
126427,126427,20190208,D-17,연희삼거리->연희IC,16,1044.0
133959,133959,20190208,D-17,연희IC->연희삼거리,17,1137.0
133987,133987,20190208,D-17,연희삼거리->연희IC,17,1078.0
141519,141519,20190208,D-17,연희IC->연희삼거리,18,1080.0
141547,141547,20190208,D-17,연희삼거리->연희IC,18,1226.0
149079,149079,20190208,D-17,연희IC->연희삼거리,19,977.0
149107,149107,20190208,D-17,연희삼거리->연희IC,19,1135.0
156639,156639,20190208,D-17,연희IC->연희삼거리,20,959.0
156667,156667,20190208,D-17,연희삼거리->연희IC,20,958.0
164199,164199,20190208,D-17,연희IC->연희삼거리,21,916.0
164227,164227,20190208,D-17,연희삼거리->연희IC,21,928.0
171759,171759,20190208,D-17,연희IC->연희삼거리,22,869.0
171787,171787,20190208,D-17,연희삼거리->연희IC,22,847.0
179319,179319,20190208,D-17,연희IC->연희삼거리,23,741.0
179347,179347,20190208,D-17,연희삼거리->연희IC,23,639.0
5440,5440,20190209,D-17,연희IC->연희삼거리,0,641.0
5468,5468,20190209,D-17,연희삼거리->연희IC,0,526.0
13000,13000,20190209,D-17,연희IC->연희삼거리,1,557.0
13028,13028,20190209,D-17,연희삼거리->연희IC,1,477.0
20560,20560,20190209,D-17,연희IC->연희삼거리,2,462.0
20588,20588,20190209,D-17,연희삼거리->연희IC,2,448.0
28120,28120,20190209,D-17,연희IC->연희삼거리,3,346.0
28148,28148,20190209,D-17,연희삼거리->연희IC,3,335.0
35680,35680,20190209,D-17,연희IC->연희삼거리,4,351.0
35708,35708,20190209,D-17,연희삼거리->연희IC,4,273.0
43240,43240,20190209,D-17,연희IC->연희삼거리,5,416.0
43268,43268,20190209,D-17,연희삼거리->연희IC,5,274.0
50800,50800,20190209,D-17,연희IC->연희삼거리,6,497.0
50828,50828,20190209,D-17,연희삼거리->연희IC,6,333.0
58360,58360,20190209,D-17,연희IC->연희삼거리,7,604.0
58388,58388,20190209,D-17,연희삼거리->연희IC,7,453.0
65920,65920,20190209,D-17,연희IC->연희삼거리,8,900.0
65948,65948,20190209,D-17,연희삼거리->연희IC,8,606.0
73480,73480,20190209,D-17,연희IC->연희삼거리,9,1121.0
73508,73508,20190209,D-17,연희삼거리->연희IC,9,757.0
81040,81040,20190209,D-17,연희IC->연희삼거리,10,1237.0
81068,81068,20190209,D-17,연희삼거리->연희IC,10,841.0
88600,88600,20190209,D-17,연희IC->연희삼거리,11,1314.0
88628,88628,20190209,D-17,연희삼거리->연희IC,11,895.0
96160,96160,20190209,D-17,연희IC->연희삼거리,12,1252.0
96188,96188,20190209,D-17,연희삼거리->연희IC,12,982.0
103720,103720,20190209,D-17,연희IC->연희삼거리,13,1295.0
103748,103748,20190209,D-17,연희삼거리->연희IC,13,1005.0
111280,111280,20190209,D-17,연희IC->연희삼거리,14,1283.0
111308,111308,20190209,D-17,연희삼거리->연희IC,14,1006.0
118840,118840,20190209,D-17,연희IC->연희삼거리,15,1211.0
118868,118868,20190209,D-17,연희삼거리->연희IC,15,1004.0
126400,126400,20190209,D-17,연희IC->연희삼거리,16,1228.0
126428,126428,20190209,D-17,연희삼거리->연희IC,16,941.0
133960,133960,20190209,D-17,연희IC->연희삼거리,17,1203.0
133988,133988,20190209,D-17,연희삼거리->연희IC,17,1015.0
141520,141520,20190209,D-17,연희IC->연희삼거리,18,1096.0
141548,141548,20190209,D-17,연희삼거리->연희IC,18,978.0
149080,149080,20190209,D-17,연희IC->연희삼거리,19,1017.0
149108,149108,20190209,D-17,연희삼거리->연희IC,19,772.0
156640,156640,20190209,D-17,연희IC->연희삼거리,20,893.0
156668,156668,20190209,D-17,연희삼거리->연희IC,20,789.0
164200,164200,20190209,D-17,연희IC->연희삼거리,21,882.0
164228,164228,20190209,D-17,연희삼거리->연희IC,21,799.0
171760,171760,20190209,D-17,연희IC->연희삼거리,22,801.0
171788,171788,20190209,D-17,연희삼거리->연희IC,22,757.0
179320,179320,20190209,D-17,연희IC->연희삼거리,23,702.0
179348,179348,20190209,D-17,연희삼거리->연희IC,23,643.0
5441,5441,20190210,D-17,연희IC->연희삼거리,0,593.0
5469,5469,20190210,D-17,연희삼거리->연희IC,0,525.0
13001,13001,20190210,D-17,연희IC->연희삼거리,1,504.0
13029,13029,20190210,D-17,연희삼거리->연희IC,1,428.0
20561,20561,20190210,D-17,연희IC->연희삼거리,2,385.0
20589,20589,20190210,D-17,연희삼거리->연희IC,2,385.0
28121,28121,20190210,D-17,연희IC->연희삼거리,3,296.0
28149,28149,20190210,D-17,연희삼거리->연희IC,3,297.0
35681,35681,20190210,D-17,연희IC->연희삼거리,4,278.0
35709,35709,20190210,D-17,연희삼거리->연희IC,4,211.0
43241,43241,20190210,D-17,연희IC->연희삼거리,5,313.0
43269,43269,20190210,D-17,연희삼거리->연희IC,5,246.0
50801,50801,20190210,D-17,연희IC->연희삼거리,6,415.0
50829,50829,20190210,D-17,연희삼거리->연희IC,6,300.0
58361,58361,20190210,D-17,연희IC->연희삼거리,7,435.0
58389,58389,20190210,D-17,연희삼거리->연희IC,7,328.0
65921,65921,20190210,D-17,연희IC->연희삼거리,8,689.0
65949,65949,20190210,D-17,연희삼거리->연희IC,8,432.0
73481,73481,20190210,D-17,연희IC->연희삼거리,9,949.0
73509,73509,20190210,D-17,연희삼거리->연희IC,9,623.0
81041,81041,20190210,D-17,연희IC->연희삼거리,10,1165.0
81069,81069,20190210,D-17,연희삼거리->연희IC,10,700.0
88601,88601,20190210,D-17,연희IC->연희삼거리,11,1007.0
88629,88629,20190210,D-17,연희삼거리->연희IC,11,696.0
96161,96161,20190210,D-17,연희IC->연희삼거리,12,1181.0
96189,96189,20190210,D-17,연희삼거리->연희IC,12,864.0
103721,103721,20190210,D-17,연희IC->연희삼거리,13,1241.0
103749,103749,20190210,D-17,연희삼거리->연희IC,13,884.0
111281,111281,20190210,D-17,연희IC->연희삼거리,14,1196.0
111309,111309,20190210,D-17,연희삼거리->연희IC,14,900.0
118841,118841,20190210,D-17,연희IC->연희삼거리,15,1115.0
118869,118869,20190210,D-17,연희삼거리->연희IC,15,928.0
126401,126401,20190210,D-17,연희IC->연희삼거리,16,1122.0
126429,126429,20190210,D-17,연희삼거리->연희IC,16,914.0
133961,133961,20190210,D-17,연희IC->연희삼거리,17,1109.0
133989,133989,20190210,D-17,연희삼거리->연희IC,17,850.0
141521,141521,20190210,D-17,연희IC->연희삼거리,18,1005.0
141549,141549,20190210,D-17,연희삼거리->연희IC,18,810.0
149081,149081,20190210,D-17,연희IC->연희삼거리,19,927.0
149109,149109,20190210,D-17,연희삼거리->연희IC,19,720.0
156641,156641,20190210,D-17,연희IC->연희삼거리,20,804.0
156669,156669,20190210,D-17,연희삼거리->연희IC,20,716.0
164201,164201,20190210,D-17,연희IC->연희삼거리,21,718.0
164229,164229,20190210,D-17,연희삼거리->연희IC,21,708.0
171761,171761,20190210,D-17,연희IC->연희삼거리,22,610.0
171789,171789,20190210,D-17,연희삼거리->연희IC,22,600.0
179321,179321,20190210,D-17,연희IC->연희삼거리,23,455.0
179349,179349,20190210,D-17,연희삼거리->연희IC,23,474.0
5442,5442,20190211,D-17,연희IC->연희삼거리,0,376.0
5470,5470,20190211,D-17,연희삼거리->연희IC,0,378.0
13002,13002,20190211,D-17,연희IC->연희삼거리,1,278.0
13030,13030,20190211,D-17,연희삼거리->연희IC,1,271.0
20562,20562,20190211,D-17,연희IC->연희삼거리,2,184.0
20590,20590,20190211,D-17,연희삼거리->연희IC,2,220.0
28122,28122,20190211,D-17,연희IC->연희삼거리,3,159.0
28150,28150,20190211,D-17,연희삼거리->연희IC,3,147.0
35682,35682,20190211,D-17,연희IC->연희삼거리,4,203.0
35710,35710,20190211,D-17,연희삼거리->연희IC,4,138.0
43242,43242,20190211,D-17,연희IC->연희삼거리,5,371.0
43270,43270,20190211,D-17,연희삼거리->연희IC,5,227.0
50802,50802,20190211,D-17,연희IC->연희삼거리,6,850.0
50830,50830,20190211,D-17,연희삼거리->연희IC,6,394.0
58362,58362,20190211,D-17,연희IC->연희삼거리,7,1161.0
58390,58390,20190211,D-17,연희삼거리->연희IC,7,657.0
65922,65922,20190211,D-17,연희IC->연희삼거리,8,866.0
65950,65950,20190211,D-17,연희삼거리->연희IC,8,656.0
73482,73482,20190211,D-17,연희IC->연희삼거리,9,1182.0
73510,73510,20190211,D-17,연희삼거리->연희IC,9,743.0
81042,81042,20190211,D-17,연희IC->연희삼거리,10,1261.0
81070,81070,20190211,D-17,연희삼거리->연희IC,10,805.0
88602,88602,20190211,D-17,연희IC->연희삼거리,11,1117.0
88630,88630,20190211,D-17,연희삼거리->연희IC,11,771.0
96162,96162,20190211,D-17,연희IC->연희삼거리,12,1099.0
96190,96190,20190211,D-17,연희삼거리->연희IC,12,786.0
103722,103722,20190211,D-17,연희IC->연희삼거리,13,1100.0
103750,103750,20190211,D-17,연희삼거리->연희IC,13,845.0
111282,111282,20190211,D-17,연희IC->연희삼거리,14,1125.0
111310,111310,20190211,D-17,연희삼거리->연희IC,14,929.0
118842,118842,20190211,D-17,연희IC->연희삼거리,15,1129.0
118870,118870,20190211,D-17,연희삼거리->연희IC,15,932.0
126402,126402,20190211,D-17,연희IC->연희삼거리,16,1094.0
126430,126430,20190211,D-17,연희삼거리->연희IC,16,962.0
133962,133962,20190211,D-17,연희IC->연희삼거리,17,1094.0
133990,133990,20190211,D-17,연희삼거리->연희IC,17,1114.0
141522,141522,20190211,D-17,연희IC->연희삼거리,18,986.0
141550,141550,20190211,D-17,연희삼거리->연희IC,18,1205.0
149082,149082,20190211,D-17,연희IC->연희삼거리,19,921.0
149110,149110,20190211,D-17,연희삼거리->연희IC,19,1136.0
156642,156642,20190211,D-17,연희IC->연희삼거리,20,804.0
156670,156670,20190211,D-17,연희삼거리->연희IC,20,977.0
164202,164202,20190211,D-17,연희IC->연희삼거리,21,887.0
164230,164230,20190211,D-17,연희삼거리->연희IC,21,830.0
171762,171762,20190211,D-17,연희IC->연희삼거리,22,800.0
171790,171790,20190211,D-17,연희삼거리->연희IC,22,832.0
179322,179322,20190211,D-17,연희IC->연희삼거리,23,624.0
179350,179350,20190211,D-17,연희삼거리->연희IC,23,584.0
5443,5443,20190212,D-17,연희IC->연희삼거리,0,484.0
5471,5471,20190212,D-17,연희삼거리->연희IC,0,415.0
13003,13003,20190212,D-17,연희IC->연희삼거리,1,397.0
13031,13031,20190212,D-17,연희삼거리->연희IC,1,382.0
20563,20563,20190212,D-17,연희IC->연희삼거리,2,278.0
20591,20591,20190212,D-17,연희삼거리->연희IC,2,323.0
28123,28123,20190212,D-17,연희IC->연희삼거리,3,210.0
28151,28151,20190212,D-17,연희삼거리->연희IC,3,236.0
35683,35683,20190212,D-17,연희IC->연희삼거리,4,224.0
35711,35711,20190212,D-17,연희삼거리->연희IC,4,180.0
43243,43243,20190212,D-17,연희IC->연희삼거리,5,350.0
43271,43271,20190212,D-17,연희삼거리->연희IC,5,241.0
50803,50803,20190212,D-17,연희IC->연희삼거리,6,758.0
50831,50831,20190212,D-17,연희삼거리->연희IC,6,376.0
58363,58363,20190212,D-17,연희IC->연희삼거리,7,1192.0
58391,58391,20190212,D-17,연희삼거리->연희IC,7,702.0
65923,65923,20190212,D-17,연희IC->연희삼거리,8,1115.0
65951,65951,20190212,D-17,연희삼거리->연희IC,8,736.0
73483,73483,20190212,D-17,연희IC->연희삼거리,9,1259.0
73511,73511,20190212,D-17,연희삼거리->연희IC,9,736.0
81043,81043,20190212,D-17,연희IC->연희삼거리,10,1164.0
81071,81071,20190212,D-17,연희삼거리->연희IC,10,823.0
88603,88603,20190212,D-17,연희IC->연희삼거리,11,
88631,88631,20190212,D-17,연희삼거리->연희IC,11,
96163,96163,20190212,D-17,연희IC->연희삼거리,12,
96191,96191,20190212,D-17,연희삼거리->연희IC,12,
103723,103723,20190212,D-17,연희IC->연희삼거리,13,
103751,103751,20190212,D-17,연희삼거리->연희IC,13,
111283,111283,20190212,D-17,연희IC->연희삼거리,14,1134.0
111311,111311,20190212,D-17,연희삼거리->연희IC,14,892.0
118843,118843,20190212,D-17,연희IC->연희삼거리,15,1175.0
118871,118871,20190212,D-17,연희삼거리->연희IC,15,931.0
126403,126403,20190212,D-17,연희IC->연희삼거리,16,1095.0
126431,126431,20190212,D-17,연희삼거리->연희IC,16,1042.0
133963,133963,20190212,D-17,연희IC->연희삼거리,17,1119.0
133991,133991,20190212,D-17,연희삼거리->연희IC,17,1112.0
141523,141523,20190212,D-17,연희IC->연희삼거리,18,1120.0
141551,141551,20190212,D-17,연희삼거리->연희IC,18,1198.0
149083,149083,20190212,D-17,연희IC->연희삼거리,19,941.0
149111,149111,20190212,D-17,연희삼거리->연희IC,19,1144.0
156643,156643,20190212,D-17,연희IC->연희삼거리,20,864.0
156671,156671,20190212,D-17,연희삼거리->연희IC,20,905.0
164203,164203,20190212,D-17,연희IC->연희삼거리,21,846.0
164231,164231,20190212,D-17,연희삼거리->연희IC,21,828.0
171763,171763,20190212,D-17,연희IC->연희삼거리,22,779.0
171791,171791,20190212,D-17,연희삼거리->연희IC,22,815.0
179323,179323,20190212,D-17,연희IC->연희삼거리,23,631.0
179351,179351,20190212,D-17,연희삼거리->연희IC,23,627.0
5444,5444,20190213,D-17,연희IC->연희삼거리,0,570.0
5472,5472,20190213,D-17,연희삼거리->연희IC,0,481.0
13004,13004,20190213,D-17,연희IC->연희삼거리,1,453.0
13032,13032,20190213,D-17,연희삼거리->연희IC,1,391.0
20564,20564,20190213,D-17,연희IC->연희삼거리,2,277.0
20592,20592,20190213,D-17,연희삼거리->연희IC,2,304.0
28124,28124,20190213,D-17,연희IC->연희삼거리,3,220.0
28152,28152,20190213,D-17,연희삼거리->연희IC,3,245.0
35684,35684,20190213,D-17,연희IC->연희삼거리,4,243.0
35712,35712,20190213,D-17,연희삼거리->연희IC,4,196.0
43244,43244,20190213,D-17,연희IC->연희삼거리,5,359.0
43272,43272,20190213,D-17,연희삼거리->연희IC,5,242.0
50804,50804,20190213,D-17,연희IC->연희삼거리,6,735.0
50832,50832,20190213,D-17,연희삼거리->연희IC,6,385.0
58364,58364,20190213,D-17,연희IC->연희삼거리,7,1160.0
58392,58392,20190213,D-17,연희삼거리->연희IC,7,682.0
65924,65924,20190213,D-17,연희IC->연희삼거리,8,980.0
65952,65952,20190213,D-17,연희삼거리->연희IC,8,702.0
73484,73484,20190213,D-17,연희IC->연희삼거리,9,1191.0
73512,73512,20190213,D-17,연희삼거리->연희IC,9,735.0
81044,81044,20190213,D-17,연희IC->연희삼거리,10,1181.0
81072,81072,20190213,D-17,연희삼거리->연희IC,10,787.0
88604,88604,20190213,D-17,연희IC->연희삼거리,11,1107.0
88632,88632,20190213,D-17,연희삼거리->연희IC,11,838.0
96164,96164,20190213,D-17,연희IC->연희삼거리,12,1054.0
96192,96192,20190213,D-17,연희삼거리->연희IC,12,775.0
103724,103724,20190213,D-17,연희IC->연희삼거리,13,1119.0
103752,103752,20190213,D-17,연희삼거리->연희IC,13,835.0
111284,111284,20190213,D-17,연희IC->연희삼거리,14,1105.0
111312,111312,20190213,D-17,연희삼거리->연희IC,14,906.0
118844,118844,20190213,D-17,연희IC->연희삼거리,15,1148.0
118872,118872,20190213,D-17,연희삼거리->연희IC,15,965.0
126404,126404,20190213,D-17,연희IC->연희삼거리,16,1075.0
126432,126432,20190213,D-17,연희삼거리->연희IC,16,1028.0
133964,133964,20190213,D-17,연희IC->연희삼거리,17,1120.0
133992,133992,20190213,D-17,연희삼거리->연희IC,17,1146.0
141524,141524,20190213,D-17,연희IC->연희삼거리,18,987.0
141552,141552,20190213,D-17,연희삼거리->연희IC,18,1150.0
149084,149084,20190213,D-17,연희IC->연희삼거리,19,970.0
149112,149112,20190213,D-17,연희삼거리->연희IC,19,1203.0
156644,156644,20190213,D-17,연희IC->연희삼거리,20,888.0
156672,156672,20190213,D-17,연희삼거리->연희IC,20,954.0
164204,164204,20190213,D-17,연희IC->연희삼거리,21,950.0
164232,164232,20190213,D-17,연희삼거리->연희IC,21,967.0
171764,171764,20190213,D-17,연희IC->연희삼거리,22,791.0
171792,171792,20190213,D-17,연희삼거리->연희IC,22,842.0
179324,179324,20190213,D-17,연희IC->연희삼거리,23,677.0
179352,179352,20190213,D-17,연희삼거리->연희IC,23,563.0
5445,5445,20190214,D-17,연희IC->연희삼거리,0,515.0
5473,5473,20190214,D-17,연희삼거리->연희IC,0,476.0
13005,13005,20190214,D-17,연희IC->연희삼거리,1,446.0
13033,13033,20190214,D-17,연희삼거리->연희IC,1,420.0
20565,20565,20190214,D-17,연희IC->연희삼거리,2,305.0
20593,20593,20190214,D-17,연희삼거리->연희IC,2,296.0
28125,28125,20190214,D-17,연희IC->연희삼거리,3,218.0
28153,28153,20190214,D-17,연희삼거리->연희IC,3,218.0
35685,35685,20190214,D-17,연희IC->연희삼거리,4,216.0
35713,35713,20190214,D-17,연희삼거리->연희IC,4,189.0
43245,43245,20190214,D-17,연희IC->연희삼거리,5,401.0
43273,43273,20190214,D-17,연희삼거리->연희IC,5,268.0
50805,50805,20190214,D-17,연희IC->연희삼거리,6,741.0
50833,50833,20190214,D-17,연희삼거리->연희IC,6,377.0
58365,58365,20190214,D-17,연희IC->연희삼거리,7,1136.0
58393,58393,20190214,D-17,연희삼거리->연희IC,7,693.0
65925,65925,20190214,D-17,연희IC->연희삼거리,8,729.0
65953,65953,20190214,D-17,연희삼거리->연희IC,8,649.0
73485,73485,20190214,D-17,연희IC->연희삼거리,9,1130.0
73513,73513,20190214,D-17,연희삼거리->연희IC,9,699.0
81045,81045,20190214,D-17,연희IC->연희삼거리,10,880.0
81073,81073,20190214,D-17,연희삼거리->연희IC,10,642.0
88605,88605,20190214,D-17,연희IC->연희삼거리,11,1109.0
88633,88633,20190214,D-17,연희삼거리->연희IC,11,806.0
96165,96165,20190214,D-17,연희IC->연희삼거리,12,1119.0
96193,96193,20190214,D-17,연희삼거리->연희IC,12,786.0
103725,103725,20190214,D-17,연희IC->연희삼거리,13,1177.0
103753,103753,20190214,D-17,연희삼거리->연희IC,13,828.0
111285,111285,20190214,D-17,연희IC->연희삼거리,14,1170.0
111313,111313,20190214,D-17,연희삼거리->연희IC,14,892.0
118845,118845,20190214,D-17,연희IC->연희삼거리,15,1112.0
118873,118873,20190214,D-17,연희삼거리->연희IC,15,892.0
126405,126405,20190214,D-17,연희IC->연희삼거리,16,1120.0
126433,126433,20190214,D-17,연희삼거리->연희IC,16,1000.0
133965,133965,20190214,D-17,연희IC->연희삼거리,17,1157.0
133993,133993,20190214,D-17,연희삼거리->연희IC,17,1070.0
141525,141525,20190214,D-17,연희IC->연희삼거리,18,1042.0
141553,141553,20190214,D-17,연희삼거리->연희IC,18,1188.0
149085,149085,20190214,D-17,연희IC->연희삼거리,19,1043.0
149113,149113,20190214,D-17,연희삼거리->연희IC,19,1141.0
156645,156645,20190214,D-17,연희IC->연희삼거리,20,929.0
156673,156673,20190214,D-17,연희삼거리->연희IC,20,934.0
164205,164205,20190214,D-17,연희IC->연희삼거리,21,967.0
164233,164233,20190214,D-17,연희삼거리->연희IC,21,873.0
171765,171765,20190214,D-17,연희IC->연희삼거리,22,819.0
171793,171793,20190214,D-17,연희삼거리->연희IC,22,830.0
179325,179325,20190214,D-17,연희IC->연희삼거리,23,686.0
179353,179353,20190214,D-17,연희삼거리->연희IC,23,644.0
5446,5446,20190215,D-17,연희IC->연희삼거리,0,603.0
5474,5474,20190215,D-17,연희삼거리->연희IC,0,560.0
13006,13006,20190215,D-17,연희IC->연희삼거리,1,458.0
13034,13034,20190215,D-17,연희삼거리->연희IC,1,445.0
20566,20566,20190215,D-17,연희IC->연희삼거리,2,321.0
20594,20594,20190215,D-17,연희삼거리->연희IC,2,343.0
28126,28126,20190215,D-17,연희IC->연희삼거리,3,220.0
28154,28154,20190215,D-17,연희삼거리->연희IC,3,227.0
35686,35686,20190215,D-17,연희IC->연희삼거리,4,261.0
35714,35714,20190215,D-17,연희삼거리->연희IC,4,231.0
43246,43246,20190215,D-17,연희IC->연희삼거리,5,373.0
43274,43274,20190215,D-17,연희삼거리->연희IC,5,247.0
50806,50806,20190215,D-17,연희IC->연희삼거리,6,681.0
50834,50834,20190215,D-17,연희삼거리->연희IC,6,329.0
58366,58366,20190215,D-17,연희IC->연희삼거리,7,1125.0
58394,58394,20190215,D-17,연희삼거리->연희IC,7,575.0
65926,65926,20190215,D-17,연희IC->연희삼거리,8,837.0
65954,65954,20190215,D-17,연희삼거리->연희IC,8,586.0
73486,73486,20190215,D-17,연희IC->연희삼거리,9,1008.0
73514,73514,20190215,D-17,연희삼거리->연희IC,9,662.0
81046,81046,20190215,D-17,연희IC->연희삼거리,10,1137.0
81074,81074,20190215,D-17,연희삼거리->연희IC,10,741.0
88606,88606,20190215,D-17,연희IC->연희삼거리,11,1150.0
88634,88634,20190215,D-17,연희삼거리->연희IC,11,787.0
96166,96166,20190215,D-17,연희IC->연희삼거리,12,1111.0
96194,96194,20190215,D-17,연희삼거리->연희IC,12,790.0
103726,103726,20190215,D-17,연희IC->연희삼거리,13,1203.0
103754,103754,20190215,D-17,연희삼거리->연희IC,13,785.0
111286,111286,20190215,D-17,연희IC->연희삼거리,14,1135.0
111314,111314,20190215,D-17,연희삼거리->연희IC,14,866.0
118846,118846,20190215,D-17,연희IC->연희삼거리,15,1152.0
118874,118874,20190215,D-17,연희삼거리->연희IC,15,953.0
126406,126406,20190215,D-17,연희IC->연희삼거리,16,999.0
126434,126434,20190215,D-17,연희삼거리->연희IC,16,960.0
133966,133966,20190215,D-17,연희IC->연희삼거리,17,1083.0
133994,133994,20190215,D-17,연희삼거리->연희IC,17,1060.0
141526,141526,20190215,D-17,연희IC->연희삼거리,18,1025.0
141554,141554,20190215,D-17,연희삼거리->연희IC,18,1155.0
149086,149086,20190215,D-17,연희IC->연희삼거리,19,950.0
149114,149114,20190215,D-17,연희삼거리->연희IC,19,1071.0
156646,156646,20190215,D-17,연희IC->연희삼거리,20,874.0
156674,156674,20190215,D-17,연희삼거리->연희IC,20,853.0
164206,164206,20190215,D-17,연희IC->연희삼거리,21,923.0
164234,164234,20190215,D-17,연희삼거리->연희IC,21,847.0
171766,171766,20190215,D-17,연희IC->연희삼거리,22,795.0
171794,171794,20190215,D-17,연희삼거리->연희IC,22,835.0
179326,179326,20190215,D-17,연희IC->연희삼거리,23,791.0
179354,179354,20190215,D-17,연희삼거리->연희IC,23,627.0
5447,5447,20190216,D-17,연희IC->연희삼거리,0,642.0
5475,5475,20190216,D-17,연희삼거리->연희IC,0,507.0
13007,13007,20190216,D-17,연희IC->연희삼거리,1,527.0
13035,13035,20190216,D-17,연희삼거리->연희IC,1,419.0
20567,20567,20190216,D-17,연희IC->연희삼거리,2,501.0
20595,20595,20190216,D-17,연희삼거리->연희IC,2,403.0
28127,28127,20190216,D-17,연희IC->연희삼거리,3,382.0
28155,28155,20190216,D-17,연희삼거리->연희IC,3,321.0
35687,35687,20190216,D-17,연희IC->연희삼거리,4,329.0
35715,35715,20190216,D-17,연희삼거리->연희IC,4,272.0
43247,43247,20190216,D-17,연희IC->연희삼거리,5,390.0
43275,43275,20190216,D-17,연희삼거리->연희IC,5,291.0
50807,50807,20190216,D-17,연희IC->연희삼거리,6,499.0
50835,50835,20190216,D-17,연희삼거리->연희IC,6,345.0
58367,58367,20190216,D-17,연희IC->연희삼거리,7,653.0
58395,58395,20190216,D-17,연희삼거리->연희IC,7,447.0
65927,65927,20190216,D-17,연희IC->연희삼거리,8,887.0
65955,65955,20190216,D-17,연희삼거리->연희IC,8,607.0
73487,73487,20190216,D-17,연희IC->연희삼거리,9,1227.0
73515,73515,20190216,D-17,연희삼거리->연희IC,9,756.0
81047,81047,20190216,D-17,연희IC->연희삼거리,10,1248.0
81075,81075,20190216,D-17,연희삼거리->연희IC,10,744.0
88607,88607,20190216,D-17,연희IC->연희삼거리,11,1313.0
88635,88635,20190216,D-17,연희삼거리->연희IC,11,862.0
96167,96167,20190216,D-17,연희IC->연희삼거리,12,1246.0
96195,96195,20190216,D-17,연희삼거리->연희IC,12,896.0
103727,103727,20190216,D-17,연희IC->연희삼거리,13,1241.0
103755,103755,20190216,D-17,연희삼거리->연희IC,13,973.0
111287,111287,20190216,D-17,연희IC->연희삼거리,14,1212.0
111315,111315,20190216,D-17,연희삼거리->연희IC,14,940.0
118847,118847,20190216,D-17,연희IC->연희삼거리,15,1197.0
118875,118875,20190216,D-17,연희삼거리->연희IC,15,1054.0
126407,126407,20190216,D-17,연희IC->연희삼거리,16,1283.0
126435,126435,20190216,D-17,연희삼거리->연희IC,16,994.0
133967,133967,20190216,D-17,연희IC->연희삼거리,17,1147.0
133995,133995,20190216,D-17,연희삼거리->연희IC,17,1046.0
141527,141527,20190216,D-17,연희IC->연희삼거리,18,1132.0
141555,141555,20190216,D-17,연희삼거리->연희IC,18,1031.0
149087,149087,20190216,D-17,연희IC->연희삼거리,19,1051.0
149115,149115,20190216,D-17,연희삼거리->연희IC,19,912.0
156647,156647,20190216,D-17,연희IC->연희삼거리,20,950.0
156675,156675,20190216,D-17,연희삼거리->연희IC,20,823.0
164207,164207,20190216,D-17,연희IC->연희삼거리,21,825.0
164235,164235,20190216,D-17,연희삼거리->연희IC,21,788.0
171767,171767,20190216,D-17,연희IC->연희삼거리,22,828.0
171795,171795,20190216,D-17,연희삼거리->연희IC,22,747.0
179327,179327,20190216,D-17,연희IC->연희삼거리,23,695.0
179355,179355,20190216,D-17,연희삼거리->연희IC,23,594.0
5448,5448,20190217,D-17,연희IC->연희삼거리,0,633.0
5476,5476,20190217,D-17,연희삼거리->연희IC,0,477.0
13008,13008,20190217,D-17,연희IC->연희삼거리,1,570.0
13036,13036,20190217,D-17,연희삼거리->연희IC,1,441.0
20568,20568,20190217,D-17,연희IC->연희삼거리,2,402.0
20596,20596,20190217,D-17,연희삼거리->연희IC,2,376.0
28128,28128,20190217,D-17,연희IC->연희삼거리,3,321.0
28156,28156,20190217,D-17,연희삼거리->연희IC,3,320.0
35688,35688,20190217,D-17,연희IC->연희삼거리,4,290.0
35716,35716,20190217,D-17,연희삼거리->연희IC,4,245.0
43248,43248,20190217,D-17,연희IC->연희삼거리,5,301.0
43276,43276,20190217,D-17,연희삼거리->연희IC,5,240.0
50808,50808,20190217,D-17,연희IC->연희삼거리,6,402.0
50836,50836,20190217,D-17,연희삼거리->연희IC,6,297.0
58368,58368,20190217,D-17,연희IC->연희삼거리,7,501.0
58396,58396,20190217,D-17,연희삼거리->연희IC,7,353.0
65928,65928,20190217,D-17,연희IC->연희삼거리,8,752.0
65956,65956,20190217,D-17,연희삼거리->연희IC,8,507.0
73488,73488,20190217,D-17,연희IC->연희삼거리,9,936.0
73516,73516,20190217,D-17,연희삼거리->연희IC,9,566.0
81048,81048,20190217,D-17,연희IC->연희삼거리,10,1150.0
81076,81076,20190217,D-17,연희삼거리->연희IC,10,712.0
88608,88608,20190217,D-17,연희IC->연희삼거리,11,1097.0
88636,88636,20190217,D-17,연희삼거리->연희IC,11,697.0
96168,96168,20190217,D-17,연희IC->연희삼거리,12,1224.0
96196,96196,20190217,D-17,연희삼거리->연희IC,12,860.0
103728,103728,20190217,D-17,연희IC->연희삼거리,13,1231.0
103756,103756,20190217,D-17,연희삼거리->연희IC,13,926.0
111288,111288,20190217,D-17,연희IC->연희삼거리,14,1240.0
111316,111316,20190217,D-17,연희삼거리->연희IC,14,972.0
118848,118848,20190217,D-17,연희IC->연희삼거리,15,1199.0
118876,118876,20190217,D-17,연희삼거리->연희IC,15,920.0
126408,126408,20190217,D-17,연희IC->연희삼거리,16,1194.0
126436,126436,20190217,D-17,연희삼거리->연희IC,16,901.0
133968,133968,20190217,D-17,연희IC->연희삼거리,17,1172.0
133996,133996,20190217,D-17,연희삼거리->연희IC,17,879.0
141528,141528,20190217,D-17,연희IC->연희삼거리,18,1005.0
141556,141556,20190217,D-17,연희삼거리->연희IC,18,911.0
149088,149088,20190217,D-17,연희IC->연희삼거리,19,863.0
149116,149116,20190217,D-17,연희삼거리->연희IC,19,793.0
156648,156648,20190217,D-17,연희IC->연희삼거리,20,791.0
156676,156676,20190217,D-17,연희삼거리->연희IC,20,748.0
164208,164208,20190217,D-17,연희IC->연희삼거리,21,740.0
164236,164236,20190217,D-17,연희삼거리->연희IC,21,698.0
171768,171768,20190217,D-17,연희IC->연희삼거리,22,600.0
171796,171796,20190217,D-17,연희삼거리->연희IC,22,605.0
179328,179328,20190217,D-17,연희IC->연희삼거리,23,505.0
179356,179356,20190217,D-17,연희삼거리->연희IC,23,482.0
5449,5449,20190218,D-17,연희IC->연희삼거리,0,408.0
5477,5477,20190218,D-17,연희삼거리->연희IC,0,391.0
13009,13009,20190218,D-17,연희IC->연희삼거리,1,273.0
13037,13037,20190218,D-17,연희삼거리->연희IC,1,272.0
20569,20569,20190218,D-17,연희IC->연희삼거리,2,186.0
20597,20597,20190218,D-17,연희삼거리->연희IC,2,215.0
28129,28129,20190218,D-17,연희IC->연희삼거리,3,147.0
28157,28157,20190218,D-17,연희삼거리->연희IC,3,177.0
35689,35689,20190218,D-17,연희IC->연희삼거리,4,195.0
35717,35717,20190218,D-17,연희삼거리->연희IC,4,173.0
43249,43249,20190218,D-17,연희IC->연희삼거리,5,369.0
43277,43277,20190218,D-17,연희삼거리->연희IC,5,198.0
50809,50809,20190218,D-17,연희IC->연희삼거리,6,836.0
50837,50837,20190218,D-17,연희삼거리->연희IC,6,366.0
58369,58369,20190218,D-17,연희IC->연희삼거리,7,1224.0
58397,58397,20190218,D-17,연희삼거리->연희IC,7,625.0
65929,65929,20190218,D-17,연희IC->연희삼거리,8,945.0
65957,65957,20190218,D-17,연희삼거리->연희IC,8,640.0
73489,73489,20190218,D-17,연희IC->연희삼거리,9,1153.0
73517,73517,20190218,D-17,연희삼거리->연희IC,9,716.0
81049,81049,20190218,D-17,연희IC->연희삼거리,10,1215.0
81077,81077,20190218,D-17,연희삼거리->연희IC,10,790.0
88609,88609,20190218,D-17,연희IC->연희삼거리,11,1132.0
88637,88637,20190218,D-17,연희삼거리->연희IC,11,881.0
96169,96169,20190218,D-17,연희IC->연희삼거리,12,1085.0
96197,96197,20190218,D-17,연희삼거리->연희IC,12,778.0
103729,103729,20190218,D-17,연희IC->연희삼거리,13,1123.0
103757,103757,20190218,D-17,연희삼거리->연희IC,13,837.0
111289,111289,20190218,D-17,연희IC->연희삼거리,14,1146.0
111317,111317,20190218,D-17,연희삼거리->연희IC,14,847.0
118849,118849,20190218,D-17,연희IC->연희삼거리,15,1156.0
118877,118877,20190218,D-17,연희삼거리->연희IC,15,916.0
126409,126409,20190218,D-17,연희IC->연희삼거리,16,1094.0
126437,126437,20190218,D-17,연희삼거리->연희IC,16,975.0
133969,133969,20190218,D-17,연희IC->연희삼거리,17,1064.0
133997,133997,20190218,D-17,연희삼거리->연희IC,17,1054.0
141529,141529,20190218,D-17,연희IC->연희삼거리,18,1007.0
141557,141557,20190218,D-17,연희삼거리->연희IC,18,1177.0
149089,149089,20190218,D-17,연희IC->연희삼거리,19,917.0
149117,149117,20190218,D-17,연희삼거리->연희IC,19,1199.0
156649,156649,20190218,D-17,연희IC->연희삼거리,20,804.0
156677,156677,20190218,D-17,연희삼거리->연희IC,20,971.0
164209,164209,20190218,D-17,연희IC->연희삼거리,21,827.0
164237,164237,20190218,D-17,연희삼거리->연희IC,21,889.0
171769,171769,20190218,D-17,연희IC->연희삼거리,22,736.0
171797,171797,20190218,D-17,연희삼거리->연희IC,22,745.0
179329,179329,20190218,D-17,연희IC->연희삼거리,23,659.0
179357,179357,20190218,D-17,연희삼거리->연희IC,23,586.0
5450,5450,20190219,D-17,연희IC->연희삼거리,0,455.0
5478,5478,20190219,D-17,연희삼거리->연희IC,0,463.0
13010,13010,20190219,D-17,연희IC->연희삼거리,1,378.0
13038,13038,20190219,D-17,연희삼거리->연희IC,1,354.0
20570,20570,20190219,D-17,연희IC->연희삼거리,2,286.0
20598,20598,20190219,D-17,연희삼거리->연희IC,2,324.0
28130,28130,20190219,D-17,연희IC->연희삼거리,3,214.0
28158,28158,20190219,D-17,연희삼거리->연희IC,3,228.0
35690,35690,20190219,D-17,연희IC->연희삼거리,4,226.0
35718,35718,20190219,D-17,연희삼거리->연희IC,4,223.0
43250,43250,20190219,D-17,연희IC->연희삼거리,5,350.0
43278,43278,20190219,D-17,연희삼거리->연희IC,5,224.0
50810,50810,20190219,D-17,연희IC->연희삼거리,6,718.0
50838,50838,20190219,D-17,연희삼거리->연희IC,6,358.0
58370,58370,20190219,D-17,연희IC->연희삼거리,7,1079.0
58398,58398,20190219,D-17,연희삼거리->연희IC,7,619.0
65930,65930,20190219,D-17,연희IC->연희삼거리,8,922.0
65958,65958,20190219,D-17,연희삼거리->연희IC,8,604.0
73490,73490,20190219,D-17,연희IC->연희삼거리,9,1032.0
73518,73518,20190219,D-17,연희삼거리->연희IC,9,662.0
81050,81050,20190219,D-17,연희IC->연희삼거리,10,957.0
81078,81078,20190219,D-17,연희삼거리->연희IC,10,705.0
88610,88610,20190219,D-17,연희IC->연희삼거리,11,954.0
88638,88638,20190219,D-17,연희삼거리->연희IC,11,709.0
96170,96170,20190219,D-17,연희IC->연희삼거리,12,958.0
96198,96198,20190219,D-17,연희삼거리->연희IC,12,695.0
103730,103730,20190219,D-17,연희IC->연희삼거리,13,1040.0
103758,103758,20190219,D-17,연희삼거리->연희IC,13,754.0
111290,111290,20190219,D-17,연희IC->연희삼거리,14,1018.0
111318,111318,20190219,D-17,연희삼거리->연희IC,14,769.0
118850,118850,20190219,D-17,연희IC->연희삼거리,15,1082.0
118878,118878,20190219,D-17,연희삼거리->연희IC,15,850.0
126410,126410,20190219,D-17,연희IC->연희삼거리,16,1039.0
126438,126438,20190219,D-17,연희삼거리->연희IC,16,919.0
133970,133970,20190219,D-17,연희IC->연희삼거리,17,1028.0
133998,133998,20190219,D-17,연희삼거리->연희IC,17,1021.0
141530,141530,20190219,D-17,연희IC->연희삼거리,18,968.0
141558,141558,20190219,D-17,연희삼거리->연희IC,18,1168.0
149090,149090,20190219,D-17,연희IC->연희삼거리,19,899.0
149118,149118,20190219,D-17,연희삼거리->연희IC,19,920.0
156650,156650,20190219,D-17,연희IC->연희삼거리,20,844.0
156678,156678,20190219,D-17,연희삼거리->연희IC,20,825.0
164210,164210,20190219,D-17,연희IC->연희삼거리,21,797.0
164238,164238,20190219,D-17,연희삼거리->연희IC,21,790.0
171770,171770,20190219,D-17,연희IC->연희삼거리,22,770.0
171798,171798,20190219,D-17,연희삼거리->연희IC,22,756.0
179330,179330,20190219,D-17,연희IC->연희삼거리,23,583.0
179358,179358,20190219,D-17,연희삼거리->연희IC,23,548.0
5451,5451,20190220,D-17,연희IC->연희삼거리,0,524.0
5479,5479,20190220,D-17,연희삼거리->연희IC,0,446.0
13011,13011,20190220,D-17,연희IC->연희삼거리,1,430.0
13039,13039,20190220,D-17,연희삼거리->연희IC,1,372.0
20571,20571,20190220,D-17,연희IC->연희삼거리,2,279.0
20599,20599,20190220,D-17,연희삼거리->연희IC,2,319.0
28131,28131,20190220,D-17,연희IC->연희삼거리,3,198.0
28159,28159,20190220,D-17,연희삼거리->연희IC,3,205.0
35691,35691,20190220,D-17,연희IC->연희삼거리,4,222.0
35719,35719,20190220,D-17,연희삼거리->연희IC,4,199.0
43251,43251,20190220,D-17,연희IC->연희삼거리,5,369.0
43279,43279,20190220,D-17,연희삼거리->연희IC,5,237.0
50811,50811,20190220,D-17,연희IC->연희삼거리,6,772.0
50839,50839,20190220,D-17,연희삼거리->연희IC,6,373.0
58371,58371,20190220,D-17,연희IC->연희삼거리,7,1212.0
58399,58399,20190220,D-17,연희삼거리->연희IC,7,709.0
65931,65931,20190220,D-17,연희IC->연희삼거리,8,1062.0
65959,65959,20190220,D-17,연희삼거리->연희IC,8,668.0
73491,73491,20190220,D-17,연희IC->연희삼거리,9,1228.0
73519,73519,20190220,D-17,연희삼거리->연희IC,9,750.0
81051,81051,20190220,D-17,연희IC->연희삼거리,10,1157.0
81079,81079,20190220,D-17,연희삼거리->연희IC,10,841.0
88611,88611,20190220,D-17,연희IC->연희삼거리,11,1128.0
88639,88639,20190220,D-17,연희삼거리->연희IC,11,852.0
96171,96171,20190220,D-17,연희IC->연희삼거리,12,1060.0
96199,96199,20190220,D-17,연희삼거리->연희IC,12,823.0
103731,103731,20190220,D-17,연희IC->연희삼거리,13,1179.0
103759,103759,20190220,D-17,연희삼거리->연희IC,13,867.0
111291,111291,20190220,D-17,연희IC->연희삼거리,14,1147.0
111319,111319,20190220,D-17,연희삼거리->연희IC,14,922.0
118851,118851,20190220,D-17,연희IC->연희삼거리,15,1150.0
118879,118879,20190220,D-17,연희삼거리->연희IC,15,881.0
126411,126411,20190220,D-17,연희IC->연희삼거리,16,1075.0
126439,126439,20190220,D-17,연희삼거리->연희IC,16,938.0
133971,133971,20190220,D-17,연희IC->연희삼거리,17,1138.0
133999,133999,20190220,D-17,연희삼거리->연희IC,17,1093.0
141531,141531,20190220,D-17,연희IC->연희삼거리,18,1036.0
141559,141559,20190220,D-17,연희삼거리->연희IC,18,1152.0
149091,149091,20190220,D-17,연희IC->연희삼거리,19,983.0
149119,149119,20190220,D-17,연희삼거리->연희IC,19,1171.0
156651,156651,20190220,D-17,연희IC->연희삼거리,20,842.0
156679,156679,20190220,D-17,연희삼거리->연희IC,20,1000.0
164211,164211,20190220,D-17,연희IC->연희삼거리,21,874.0
164239,164239,20190220,D-17,연희삼거리->연희IC,21,888.0
171771,171771,20190220,D-17,연희IC->연희삼거리,22,809.0
171799,171799,20190220,D-17,연희삼거리->연희IC,22,883.0
179331,179331,20190220,D-17,연희IC->연희삼거리,23,642.0
179359,179359,20190220,D-17,연희삼거리->연희IC,23,593.0
5452,5452,20190221,D-17,연희IC->연희삼거리,0,562.0
5480,5480,20190221,D-17,연희삼거리->연희IC,0,510.0
13012,13012,20190221,D-17,연희IC->연희삼거리,1,412.0
13040,13040,20190221,D-17,연희삼거리->연희IC,1,383.0
20572,20572,20190221,D-17,연희IC->연희삼거리,2,280.0
20600,20600,20190221,D-17,연희삼거리->연희IC,2,309.0
28132,28132,20190221,D-17,연희IC->연희삼거리,3,220.0
28160,28160,20190221,D-17,연희삼거리->연희IC,3,246.0
35692,35692,20190221,D-17,연희IC->연희삼거리,4,236.0
35720,35720,20190221,D-17,연희삼거리->연희IC,4,196.0
43252,43252,20190221,D-17,연희IC->연희삼거리,5,380.0
43280,43280,20190221,D-17,연희삼거리->연희IC,5,262.0
50812,50812,20190221,D-17,연희IC->연희삼거리,6,754.0
50840,50840,20190221,D-17,연희삼거리->연희IC,6,382.0
58372,58372,20190221,D-17,연희IC->연희삼거리,7,1215.0
58400,58400,20190221,D-17,연희삼거리->연희IC,7,683.0
65932,65932,20190221,D-17,연희IC->연희삼거리,8,1093.0
65960,65960,20190221,D-17,연희삼거리->연희IC,8,659.0
73492,73492,20190221,D-17,연희IC->연희삼거리,9,1225.0
73520,73520,20190221,D-17,연희삼거리->연희IC,9,714.0
81052,81052,20190221,D-17,연희IC->연희삼거리,10,1182.0
81080,81080,20190221,D-17,연희삼거리->연희IC,10,763.0
88612,88612,20190221,D-17,연희IC->연희삼거리,11,1163.0
88640,88640,20190221,D-17,연희삼거리->연희IC,11,860.0
96172,96172,20190221,D-17,연희IC->연희삼거리,12,1097.0
96200,96200,20190221,D-17,연희삼거리->연희IC,12,764.0
103732,103732,20190221,D-17,연희IC->연희삼거리,13,1111.0
103760,103760,20190221,D-17,연희삼거리->연희IC,13,819.0
111292,111292,20190221,D-17,연희IC->연희삼거리,14,1053.0
111320,111320,20190221,D-17,연희삼거리->연희IC,14,861.0
118852,118852,20190221,D-17,연희IC->연희삼거리,15,1053.0
118880,118880,20190221,D-17,연희삼거리->연희IC,15,903.0
126412,126412,20190221,D-17,연희IC->연희삼거리,16,1052.0
126440,126440,20190221,D-17,연희삼거리->연희IC,16,1022.0
133972,133972,20190221,D-17,연희IC->연희삼거리,17,1060.0
134000,134000,20190221,D-17,연희삼거리->연희IC,17,1143.0
141532,141532,20190221,D-17,연희IC->연희삼거리,18,1126.0
141560,141560,20190221,D-17,연희삼거리->연희IC,18,1218.0
149092,149092,20190221,D-17,연희IC->연희삼거리,19,1012.0
149120,149120,20190221,D-17,연희삼거리->연희IC,19,1140.0
156652,156652,20190221,D-17,연희IC->연희삼거리,20,916.0
156680,156680,20190221,D-17,연희삼거리->연희IC,20,970.0
164212,164212,20190221,D-17,연희IC->연희삼거리,21,884.0
164240,164240,20190221,D-17,연희삼거리->연희IC,21,887.0
171772,171772,20190221,D-17,연희IC->연희삼거리,22,814.0
171800,171800,20190221,D-17,연희삼거리->연희IC,22,887.0
179332,179332,20190221,D-17,연희IC->연희삼거리,23,652.0
179360,179360,20190221,D-17,연희삼거리->연희IC,23,623.0
5453,5453,20190222,D-17,연희IC->연희삼거리,0,544.0
5481,5481,20190222,D-17,연희삼거리->연희IC,0,502.0
13013,13013,20190222,D-17,연희IC->연희삼거리,1,438.0
13041,13041,20190222,D-17,연희삼거리->연희IC,1,403.0
20573,20573,20190222,D-17,연희IC->연희삼거리,2,337.0
20601,20601,20190222,D-17,연희삼거리->연희IC,2,327.0
28133,28133,20190222,D-17,연희IC->연희삼거리,3,224.0
28161,28161,20190222,D-17,연희삼거리->연희IC,3,259.0
35693,35693,20190222,D-17,연희IC->연희삼거리,4,268.0
35721,35721,20190222,D-17,연희삼거리->연희IC,4,224.0
43253,43253,20190222,D-17,연희IC->연희삼거리,5,381.0
43281,43281,20190222,D-17,연희삼거리->연희IC,5,249.0
50813,50813,20190222,D-17,연희IC->연희삼거리,6,712.0
50841,50841,20190222,D-17,연희삼거리->연희IC,6,368.0
58373,58373,20190222,D-17,연희IC->연희삼거리,7,1144.0
58401,58401,20190222,D-17,연희삼거리->연희IC,7,637.0
65933,65933,20190222,D-17,연희IC->연희삼거리,8,1075.0
65961,65961,20190222,D-17,연희삼거리->연희IC,8,676.0
73493,73493,20190222,D-17,연희IC->연희삼거리,9,1215.0
73521,73521,20190222,D-17,연희삼거리->연희IC,9,704.0
81053,81053,20190222,D-17,연희IC->연희삼거리,10,1277.0
81081,81081,20190222,D-17,연희삼거리->연희IC,10,827.0
88613,88613,20190222,D-17,연희IC->연희삼거리,11,1244.0
88641,88641,20190222,D-17,연희삼거리->연희IC,11,892.0
96173,96173,20190222,D-17,연희IC->연희삼거리,12,1111.0
96201,96201,20190222,D-17,연희삼거리->연희IC,12,867.0
103733,103733,20190222,D-17,연희IC->연희삼거리,13,1138.0
103761,103761,20190222,D-17,연희삼거리->연희IC,13,902.0
111293,111293,20190222,D-17,연희IC->연희삼거리,14,1175.0
111321,111321,20190222,D-17,연희삼거리->연희IC,14,905.0
118853,118853,20190222,D-17,연희IC->연희삼거리,15,1163.0
118881,118881,20190222,D-17,연희삼거리->연희IC,15,981.0
126413,126413,20190222,D-17,연희IC->연희삼거리,16,1150.0
126441,126441,20190222,D-17,연희삼거리->연희IC,16,1076.0
133973,133973,20190222,D-17,연희IC->연희삼거리,17,1112.0
134001,134001,20190222,D-17,연희삼거리->연희IC,17,1072.0
141533,141533,20190222,D-17,연희IC->연희삼거리,18,1063.0
141561,141561,20190222,D-17,연희삼거리->연희IC,18,1163.0
149093,149093,20190222,D-17,연희IC->연희삼거리,19,1038.0
149121,149121,20190222,D-17,연희삼거리->연희IC,19,1104.0
156653,156653,20190222,D-17,연희IC->연희삼거리,20,912.0
156681,156681,20190222,D-17,연희삼거리->연희IC,20,993.0
164213,164213,20190222,D-17,연희IC->연희삼거리,21,944.0
164241,164241,20190222,D-17,연희삼거리->연희IC,21,914.0
171773,171773,20190222,D-17,연희IC->연희삼거리,22,907.0
171801,171801,20190222,D-17,연희삼거리->연희IC,22,935.0
179333,179333,20190222,D-17,연희IC->연희삼거리,23,770.0
179361,179361,20190222,D-17,연희삼거리->연희IC,23,727.0
5454,5454,20190223,D-17,연희IC->연희삼거리,0,696.0
5482,5482,20190223,D-17,연희삼거리->연희IC,0,518.0
13014,13014,20190223,D-17,연희IC->연희삼거리,1,597.0
13042,13042,20190223,D-17,연희삼거리->연희IC,1,477.0
20574,20574,20190223,D-17,연희IC->연희삼거리,2,509.0
20602,20602,20190223,D-17,연희삼거리->연희IC,2,434.0
28134,28134,20190223,D-17,연희IC->연희삼거리,3,373.0
28162,28162,20190223,D-17,연희삼거리->연희IC,3,365.0
35694,35694,20190223,D-17,연희IC->연희삼거리,4,356.0
35722,35722,20190223,D-17,연희삼거리->연희IC,4,299.0
43254,43254,20190223,D-17,연희IC->연희삼거리,5,395.0
43282,43282,20190223,D-17,연희삼거리->연희IC,5,311.0
50814,50814,20190223,D-17,연희IC->연희삼거리,6,507.0
50842,50842,20190223,D-17,연희삼거리->연희IC,6,367.0
58374,58374,20190223,D-17,연희IC->연희삼거리,7,701.0
58402,58402,20190223,D-17,연희삼거리->연희IC,7,545.0
65934,65934,20190223,D-17,연희IC->연희삼거리,8,1033.0
65962,65962,20190223,D-17,연희삼거리->연희IC,8,712.0
73494,73494,20190223,D-17,연희IC->연희삼거리,9,1231.0
73522,73522,20190223,D-17,연희삼거리->연희IC,9,821.0
81054,81054,20190223,D-17,연희IC->연희삼거리,10,1236.0
81082,81082,20190223,D-17,연희삼거리->연희IC,10,863.0
88614,88614,20190223,D-17,연희IC->연희삼거리,11,1172.0
88642,88642,20190223,D-17,연희삼거리->연희IC,11,912.0
96174,96174,20190223,D-17,연희IC->연희삼거리,12,1233.0
96202,96202,20190223,D-17,연희삼거리->연희IC,12,1001.0
103734,103734,20190223,D-17,연희IC->연희삼거리,13,1254.0
103762,103762,20190223,D-17,연희삼거리->연희IC,13,1008.0
111294,111294,20190223,D-17,연희IC->연희삼거리,14,1202.0
111322,111322,20190223,D-17,연희삼거리->연희IC,14,1025.0
118854,118854,20190223,D-17,연희IC->연희삼거리,15,1238.0
118882,118882,20190223,D-17,연희삼거리->연희IC,15,1019.0
126414,126414,20190223,D-17,연희IC->연희삼거리,16,1274.0
126442,126442,20190223,D-17,연희삼거리->연희IC,16,1020.0
133974,133974,20190223,D-17,연희IC->연희삼거리,17,1206.0
134002,134002,20190223,D-17,연희삼거리->연희IC,17,997.0
141534,141534,20190223,D-17,연희IC->연희삼거리,18,1116.0
141562,141562,20190223,D-17,연희삼거리->연희IC,18,1169.0
149094,149094,20190223,D-17,연희IC->연희삼거리,19,1005.0
149122,149122,20190223,D-17,연희삼거리->연희IC,19,1007.0
156654,156654,20190223,D-17,연희IC->연희삼거리,20,921.0
156682,156682,20190223,D-17,연희삼거리->연희IC,20,818.0
164214,164214,20190223,D-17,연희IC->연희삼거리,21,905.0
164242,164242,20190223,D-17,연희삼거리->연희IC,21,830.0
171774,171774,20190223,D-17,연희IC->연희삼거리,22,775.0
171802,171802,20190223,D-17,연희삼거리->연희IC,22,745.0
179334,179334,20190223,D-17,연희IC->연희삼거리,23,676.0
179362,179362,20190223,D-17,연희삼거리->연희IC,23,614.0
5455,5455,20190224,D-17,연희IC->연희삼거리,0,569.0
5483,5483,20190224,D-17,연희삼거리->연희IC,0,510.0
13015,13015,20190224,D-17,연희IC->연희삼거리,1,538.0
13043,13043,20190224,D-17,연희삼거리->연희IC,1,429.0
20575,20575,20190224,D-17,연희IC->연희삼거리,2,383.0
20603,20603,20190224,D-17,연희삼거리->연희IC,2,379.0
28135,28135,20190224,D-17,연희IC->연희삼거리,3,307.0
28163,28163,20190224,D-17,연희삼거리->연희IC,3,302.0
35695,35695,20190224,D-17,연희IC->연희삼거리,4,283.0
35723,35723,20190224,D-17,연희삼거리->연희IC,4,256.0
43255,43255,20190224,D-17,연희IC->연희삼거리,5,324.0
43283,43283,20190224,D-17,연희삼거리->연희IC,5,233.0
50815,50815,20190224,D-17,연희IC->연희삼거리,6,415.0
50843,50843,20190224,D-17,연희삼거리->연희IC,6,262.0
58375,58375,20190224,D-17,연희IC->연희삼거리,7,516.0
58403,58403,20190224,D-17,연희삼거리->연희IC,7,342.0
65935,65935,20190224,D-17,연희IC->연희삼거리,8,767.0
65963,65963,20190224,D-17,연희삼거리->연희IC,8,537.0
73495,73495,20190224,D-17,연희IC->연희삼거리,9,961.0
73523,73523,20190224,D-17,연희삼거리->연희IC,9,663.0
81055,81055,20190224,D-17,연희IC->연희삼거리,10,1212.0
81083,81083,20190224,D-17,연희삼거리->연희IC,10,775.0
88615,88615,20190224,D-17,연희IC->연희삼거리,11,1185.0
88643,88643,20190224,D-17,연희삼거리->연희IC,11,832.0
96175,96175,20190224,D-17,연희IC->연희삼거리,12,1223.0
96203,96203,20190224,D-17,연희삼거리->연희IC,12,876.0
103735,103735,20190224,D-17,연희IC->연희삼거리,13,1270.0
103763,103763,20190224,D-17,연희삼거리->연희IC,13,881.0
111295,111295,20190224,D-17,연희IC->연희삼거리,14,1301.0
111323,111323,20190224,D-17,연희삼거리->연희IC,14,1025.0
118855,118855,20190224,D-17,연희IC->연희삼거리,15,1220.0
118883,118883,20190224,D-17,연희삼거리->연희IC,15,1122.0
126415,126415,20190224,D-17,연희IC->연희삼거리,16,1198.0
126443,126443,20190224,D-17,연희삼거리->연희IC,16,1013.0
133975,133975,20190224,D-17,연희IC->연희삼거리,17,1161.0
134003,134003,20190224,D-17,연희삼거리->연희IC,17,1002.0
141535,141535,20190224,D-17,연희IC->연희삼거리,18,1049.0
141563,141563,20190224,D-17,연희삼거리->연희IC,18,891.0
149095,149095,20190224,D-17,연희IC->연희삼거리,19,848.0
149123,149123,20190224,D-17,연희삼거리->연희IC,19,788.0
156655,156655,20190224,D-17,연희IC->연희삼거리,20,812.0
156683,156683,20190224,D-17,연희삼거리->연희IC,20,758.0
164215,164215,20190224,D-17,연희IC->연희삼거리,21,702.0
164243,164243,20190224,D-17,연희삼거리->연희IC,21,701.0
171775,171775,20190224,D-17,연희IC->연희삼거리,22,572.0
171803,171803,20190224,D-17,연희삼거리->연희IC,22,621.0
179335,179335,20190224,D-17,연희IC->연희삼거리,23,492.0
179363,179363,20190224,D-17,연희삼거리->연희IC,23,489.0
5456,5456,20190225,D-17,연희IC->연희삼거리,0,388.0
5484,5484,20190225,D-17,연희삼거리->연희IC,0,391.0
13016,13016,20190225,D-17,연희IC->연희삼거리,1,294.0
13044,13044,20190225,D-17,연희삼거리->연희IC,1,306.0
20576,20576,20190225,D-17,연희IC->연희삼거리,2,201.0
20604,20604,20190225,D-17,연희삼거리->연희IC,2,199.0
28136,28136,20190225,D-17,연희IC->연희삼거리,3,166.0
28164,28164,20190225,D-17,연희삼거리->연희IC,3,175.0
35696,35696,20190225,D-17,연희IC->연희삼거리,4,215.0
35724,35724,20190225,D-17,연희삼거리->연희IC,4,158.0
43256,43256,20190225,D-17,연희IC->연희삼거리,5,365.0
43284,43284,20190225,D-17,연희삼거리->연희IC,5,211.0
50816,50816,20190225,D-17,연희IC->연희삼거리,6,848.0
50844,50844,20190225,D-17,연희삼거리->연희IC,6,386.0
58376,58376,20190225,D-17,연희IC->연희삼거리,7,1089.0
58404,58404,20190225,D-17,연희삼거리->연희IC,7,629.0
65936,65936,20190225,D-17,연희IC->연희삼거리,8,819.0
65964,65964,20190225,D-17,연희삼거리->연희IC,8,708.0
73496,73496,20190225,D-17,연희IC->연희삼거리,9,1163.0
73524,73524,20190225,D-17,연희삼거리->연희IC,9,746.0
81056,81056,20190225,D-17,연희IC->연희삼거리,10,1141.0
81084,81084,20190225,D-17,연희삼거리->연희IC,10,758.0
88616,88616,20190225,D-17,연희IC->연희삼거리,11,1135.0
88644,88644,20190225,D-17,연희삼거리->연희IC,11,853.0
96176,96176,20190225,D-17,연희IC->연희삼거리,12,1120.0
96204,96204,20190225,D-17,연희삼거리->연희IC,12,824.0
103736,103736,20190225,D-17,연희IC->연희삼거리,13,1095.0
103764,103764,20190225,D-17,연희삼거리->연희IC,13,834.0
111296,111296,20190225,D-17,연희IC->연희삼거리,14,1116.0
111324,111324,20190225,D-17,연희삼거리->연희IC,14,901.0
118856,118856,20190225,D-17,연희IC->연희삼거리,15,1187.0
118884,118884,20190225,D-17,연희삼거리->연희IC,15,938.0
126416,126416,20190225,D-17,연희IC->연희삼거리,16,1060.0
126444,126444,20190225,D-17,연희삼거리->연희IC,16,999.0
133976,133976,20190225,D-17,연희IC->연희삼거리,17,1108.0
134004,134004,20190225,D-17,연희삼거리->연희IC,17,1033.0
141536,141536,20190225,D-17,연희IC->연희삼거리,18,1003.0
141564,141564,20190225,D-17,연희삼거리->연희IC,18,1213.0
149096,149096,20190225,D-17,연희IC->연희삼거리,19,893.0
149124,149124,20190225,D-17,연희삼거리->연희IC,19,1119.0
156656,156656,20190225,D-17,연희IC->연희삼거리,20,840.0
156684,156684,20190225,D-17,연희삼거리->연희IC,20,923.0
164216,164216,20190225,D-17,연희IC->연희삼거리,21,925.0
164244,164244,20190225,D-17,연희삼거리->연희IC,21,893.0
171776,171776,20190225,D-17,연희IC->연희삼거리,22,764.0
171804,171804,20190225,D-17,연희삼거리->연희IC,22,832.0
179336,179336,20190225,D-17,연희IC->연희삼거리,23,680.0
179364,179364,20190225,D-17,연희삼거리->연희IC,23,645.0
5457,5457,20190226,D-17,연희IC->연희삼거리,0,534.0
5485,5485,20190226,D-17,연희삼거리->연희IC,0,504.0
13017,13017,20190226,D-17,연희IC->연희삼거리,1,389.0
13045,13045,20190226,D-17,연희삼거리->연희IC,1,350.0
20577,20577,20190226,D-17,연희IC->연희삼거리,2,265.0
20605,20605,20190226,D-17,연희삼거리->연희IC,2,274.0
28137,28137,20190226,D-17,연희IC->연희삼거리,3,201.0
28165,28165,20190226,D-17,연희삼거리->연희IC,3,211.0
35697,35697,20190226,D-17,연희IC->연희삼거리,4,237.0
35725,35725,20190226,D-17,연희삼거리->연희IC,4,201.0
43257,43257,20190226,D-17,연희IC->연희삼거리,5,408.0
43285,43285,20190226,D-17,연희삼거리->연희IC,5,248.0
50817,50817,20190226,D-17,연희IC->연희삼거리,6,787.0
50845,50845,20190226,D-17,연희삼거리->연희IC,6,395.0
58377,58377,20190226,D-17,연희IC->연희삼거리,7,1125.0
58405,58405,20190226,D-17,연희삼거리->연희IC,7,686.0
65937,65937,20190226,D-17,연희IC->연희삼거리,8,777.0
65965,65965,20190226,D-17,연희삼거리->연희IC,8,681.0
73497,73497,20190226,D-17,연희IC->연희삼거리,9,1150.0
73525,73525,20190226,D-17,연희삼거리->연희IC,9,697.0
81057,81057,20190226,D-17,연희IC->연희삼거리,10,1208.0
81085,81085,20190226,D-17,연희삼거리->연희IC,10,787.0
88617,88617,20190226,D-17,연희IC->연희삼거리,11,1125.0
88645,88645,20190226,D-17,연희삼거리->연희IC,11,824.0
96177,96177,20190226,D-17,연희IC->연희삼거리,12,1089.0
96205,96205,20190226,D-17,연희삼거리->연희IC,12,847.0
103737,103737,20190226,D-17,연희IC->연희삼거리,13,1110.0
103765,103765,20190226,D-17,연희삼거리->연희IC,13,828.0
111297,111297,20190226,D-17,연희IC->연희삼거리,14,1125.0
111325,111325,20190226,D-17,연희삼거리->연희IC,14,911.0
118857,118857,20190226,D-17,연희IC->연희삼거리,15,1154.0
118885,118885,20190226,D-17,연희삼거리->연희IC,15,931.0
126417,126417,20190226,D-17,연희IC->연희삼거리,16,1094.0
126445,126445,20190226,D-17,연희삼거리->연희IC,16,1032.0
133977,133977,20190226,D-17,연희IC->연희삼거리,17,1080.0
134005,134005,20190226,D-17,연희삼거리->연희IC,17,1149.0
141537,141537,20190226,D-17,연희IC->연희삼거리,18,1025.0
141565,141565,20190226,D-17,연희삼거리->연희IC,18,1204.0
149097,149097,20190226,D-17,연희IC->연희삼거리,19,933.0
149125,149125,20190226,D-17,연희삼거리->연희IC,19,1152.0
156657,156657,20190226,D-17,연희IC->연희삼거리,20,832.0
156685,156685,20190226,D-17,연희삼거리->연희IC,20,963.0
164217,164217,20190226,D-17,연희IC->연희삼거리,21,848.0
164245,164245,20190226,D-17,연희삼거리->연희IC,21,879.0
171777,171777,20190226,D-17,연희IC->연희삼거리,22,786.0
171805,171805,20190226,D-17,연희삼거리->연희IC,22,848.0
179337,179337,20190226,D-17,연희IC->연희삼거리,23,654.0
179365,179365,20190226,D-17,연희삼거리->연희IC,23,624.0
5458,5458,20190227,D-17,연희IC->연희삼거리,0,564.0
5486,5486,20190227,D-17,연희삼거리->연희IC,0,511.0
13018,13018,20190227,D-17,연희IC->연희삼거리,1,382.0
13046,13046,20190227,D-17,연희삼거리->연희IC,1,425.0
20578,20578,20190227,D-17,연희IC->연희삼거리,2,309.0
20606,20606,20190227,D-17,연희삼거리->연희IC,2,287.0
28138,28138,20190227,D-17,연희IC->연희삼거리,3,235.0
28166,28166,20190227,D-17,연희삼거리->연희IC,3,224.0
35698,35698,20190227,D-17,연희IC->연희삼거리,4,252.0
35726,35726,20190227,D-17,연희삼거리->연희IC,4,218.0
43258,43258,20190227,D-17,연희IC->연희삼거리,5,369.0
43286,43286,20190227,D-17,연희삼거리->연희IC,5,258.0
50818,50818,20190227,D-17,연희IC->연희삼거리,6,759.0
50846,50846,20190227,D-17,연희삼거리->연희IC,6,354.0
58378,58378,20190227,D-17,연희IC->연희삼거리,7,1168.0
58406,58406,20190227,D-17,연희삼거리->연희IC,7,712.0
65938,65938,20190227,D-17,연희IC->연희삼거리,8,1048.0
65966,65966,20190227,D-17,연희삼거리->연희IC,8,663.0
73498,73498,20190227,D-17,연희IC->연희삼거리,9,1251.0
73526,73526,20190227,D-17,연희삼거리->연희IC,9,715.0
81058,81058,20190227,D-17,연희IC->연희삼거리,10,1188.0
81086,81086,20190227,D-17,연희삼거리->연희IC,10,785.0
88618,88618,20190227,D-17,연희IC->연희삼거리,11,1112.0
88646,88646,20190227,D-17,연희삼거리->연희IC,11,876.0
96178,96178,20190227,D-17,연희IC->연희삼거리,12,1087.0
96206,96206,20190227,D-17,연희삼거리->연희IC,12,848.0
103738,103738,20190227,D-17,연희IC->연희삼거리,13,1167.0
103766,103766,20190227,D-17,연희삼거리->연희IC,13,815.0
111298,111298,20190227,D-17,연희IC->연희삼거리,14,1188.0
111326,111326,20190227,D-17,연희삼거리->연희IC,14,893.0
118858,118858,20190227,D-17,연희IC->연희삼거리,15,1201.0
118886,118886,20190227,D-17,연희삼거리->연희IC,15,941.0
126418,126418,20190227,D-17,연희IC->연희삼거리,16,1109.0
126446,126446,20190227,D-17,연희삼거리->연희IC,16,1070.0
133978,133978,20190227,D-17,연희IC->연희삼거리,17,1125.0
134006,134006,20190227,D-17,연희삼거리->연희IC,17,1120.0
141538,141538,20190227,D-17,연희IC->연희삼거리,18,1078.0
141566,141566,20190227,D-17,연희삼거리->연희IC,18,1262.0
149098,149098,20190227,D-17,연희IC->연희삼거리,19,989.0
149126,149126,20190227,D-17,연희삼거리->연희IC,19,1162.0
156658,156658,20190227,D-17,연희IC->연희삼거리,20,855.0
156686,156686,20190227,D-17,연희삼거리->연희IC,20,944.0
164218,164218,20190227,D-17,연희IC->연희삼거리,21,868.0
164246,164246,20190227,D-17,연희삼거리->연희IC,21,911.0
171778,171778,20190227,D-17,연희IC->연희삼거리,22,783.0
171806,171806,20190227,D-17,연희삼거리->연희IC,22,828.0
179338,179338,20190227,D-17,연희IC->연희삼거리,23,669.0
179366,179366,20190227,D-17,연희삼거리->연희IC,23,642.0
5459,5459,20190228,D-17,연희IC->연희삼거리,0,592.0
5487,5487,20190228,D-17,연희삼거리->연희IC,0,507.0
13019,13019,20190228,D-17,연희IC->연희삼거리,1,463.0
13047,13047,20190228,D-17,연희삼거리->연희IC,1,395.0
20579,20579,20190228,D-17,연희IC->연희삼거리,2,292.0
20607,20607,20190228,D-17,연희삼거리->연희IC,2,322.0
28139,28139,20190228,D-17,연희IC->연희삼거리,3,238.0
28167,28167,20190228,D-17,연희삼거리->연희IC,3,256.0
35699,35699,20190228,D-17,연희IC->연희삼거리,4,260.0
35727,35727,20190228,D-17,연희삼거리->연희IC,4,193.0
43259,43259,20190228,D-17,연희IC->연희삼거리,5,378.0
43287,43287,20190228,D-17,연희삼거리->연희IC,5,236.0
50819,50819,20190228,D-17,연희IC->연희삼거리,6,733.0
50847,50847,20190228,D-17,연희삼거리->연희IC,6,373.0
58379,58379,20190228,D-17,연희IC->연희삼거리,7,1181.0
58407,58407,20190228,D-17,연희삼거리->연희IC,7,502.0
65939,65939,20190228,D-17,연희IC->연희삼거리,8,1042.0
65967,65967,20190228,D-17,연희삼거리->연희IC,8,754.0
73499,73499,20190228,D-17,연희IC->연희삼거리,9,1227.0
73527,73527,20190228,D-17,연희삼거리->연희IC,9,764.0
81059,81059,20190228,D-17,연희IC->연희삼거리,10,1241.0
81087,81087,20190228,D-17,연희삼거리->연희IC,10,701.0
88619,88619,20190228,D-17,연희IC->연희삼거리,11,1105.0
88647,88647,20190228,D-17,연희삼거리->연희IC,11,842.0
96179,96179,20190228,D-17,연희IC->연희삼거리,12,1123.0
96207,96207,20190228,D-17,연희삼거리->연희IC,12,875.0
103739,103739,20190228,D-17,연희IC->연희삼거리,13,1163.0
103767,103767,20190228,D-17,연희삼거리->연희IC,13,874.0
111299,111299,20190228,D-17,연희IC->연희삼거리,14,1202.0
111327,111327,20190228,D-17,연희삼거리->연희IC,14,935.0
118859,118859,20190228,D-17,연희IC->연희삼거리,15,1060.0
118887,118887,20190228,D-17,연희삼거리->연희IC,15,963.0
126419,126419,20190228,D-17,연희IC->연희삼거리,16,1026.0
126447,126447,20190228,D-17,연희삼거리->연희IC,16,1089.0
133979,133979,20190228,D-17,연희IC->연희삼거리,17,1032.0
134007,134007,20190228,D-17,연희삼거리->연희IC,17,1170.0
141539,141539,20190228,D-17,연희IC->연희삼거리,18,938.0
141567,141567,20190228,D-17,연희삼거리->연희IC,18,1244.0
149099,149099,20190228,D-17,연희IC->연희삼거리,19,986.0
149127,149127,20190228,D-17,연희삼거리->연희IC,19,1261.0
156659,156659,20190228,D-17,연희IC->연희삼거리,20,905.0
156687,156687,20190228,D-17,연희삼거리->연희IC,20,1192.0
164219,164219,20190228,D-17,연희IC->연희삼거리,21,955.0
164247,164247,20190228,D-17,연희삼거리->연희IC,21,1162.0
171779,171779,20190228,D-17,연희IC->연희삼거리,22,884.0
171807,171807,20190228,D-17,연희삼거리->연희IC,22,1030.0
179339,179339,20190228,D-17,연희IC->연희삼거리,23,777.0
179367,179367,20190228,D-17,연희삼거리->연희IC,23,769.0
